 0.0000E+00   0.00000E+00 0.0000
    9.7561E-03   1.85446E+03 0.0048
    1.9512E-02   7.97155E+01 0.0230
    2.9268E-02   8.65061E+01 0.0221
    3.9024E-02   9.26219E+01 0.0213
    4.8780E-02   1.08734E+02 0.0197
    5.8537E-02   5.56533E+02 0.0087
    6.8293E-02   1.57786E+02 0.0163
    7.8049E-02   1.76555E+02 0.0155
    8.7805E-02   1.93047E+02 0.0148
    9.7561E-02   1.96589E+02 0.0146
    1.0732E-01   1.93426E+02 0.0148
    1.1707E-01   2.00934E+02 0.0145
    1.2683E-01   1.81195E+02 0.0153
    1.3659E-01   1.67993E+02 0.0158
    1.4634E-01   1.69427E+02 0.0158
    1.5610E-01   1.26364E+02 0.0183
    1.6585E-01   1.15440E+02 0.0191
    1.7561E-01   1.28178E+02 0.0181
    1.8537E-01   1.05781E+02 0.0200
    1.9512E-01   9.84424E+01 0.0207
    2.0488E-01   1.88744E+02 0.0149
    2.1463E-01   8.57891E+01 0.0222
    2.2439E-01   7.85767E+01 0.0232
    2.3415E-01   7.19549E+01 0.0242
    2.4390E-01   6.71045E+01 0.0251
    2.5366E-01   6.05669E+01 0.0264
    2.6341E-01   5.99343E+01 0.0265
    2.7317E-01   5.35233E+01 0.0281
    2.8293E-01   5.04865E+01 0.0289
    2.9268E-01   4.47925E+01 0.0307
    3.0244E-01   4.24728E+01 0.0315
    3.1220E-01   3.85503E+01 0.0331
    3.2195E-01   3.85081E+01 0.0331
    3.3171E-01   3.42903E+01 0.0351
    3.4146E-01   3.16331E+01 0.0365
    3.5122E-01   3.17597E+01 0.0364
    3.6098E-01   3.53869E+01 0.0345
    3.7073E-01   2.98195E+01 0.0376
    3.8049E-01   3.44590E+01 0.0350
    3.9024E-01   2.72467E+01 0.0393
    4.0000E-01   2.61922E+01 0.0401
    4.0976E-01   2.63610E+01 0.0400
    4.1951E-01   6.65140E+01 0.0252
    4.2927E-01   2.74576E+01 0.0392
    4.3902E-01   2.74576E+01 0.0392
    4.4878E-01   6.71888E+01 0.0251
    4.5854E-01   2.35351E+01 0.0423
    4.6829E-01   2.34929E+01 0.0424
    4.7805E-01   1.77314E+02 0.0154
    4.8780E-01   1.41295E+01 0.0546
    4.9756E-01   1.34546E+01 0.0560
    5.0732E-01   1.65336E+01 0.0505
    5.1707E-01   3.20971E+01 0.0362
    5.2683E-01   1.98234E+01 0.0461
    5.3659E-01   1.21893E+01 0.0588
    5.4634E-01   1.29485E+01 0.0571
    5.5610E-01   1.14301E+01 0.0607
    5.6585E-01   1.12192E+01 0.0613
    5.7561E-01   1.29907E+01 0.0570
    5.8537E-01   1.22315E+01 0.0587
    5.9512E-01   1.59009E+01 0.0515
    6.0488E-01   1.01226E+01 0.0645
    6.1463E-01   1.14301E+01 0.0607
    6.2439E-01   1.64492E+01 0.0506
    6.3415E-01   1.91486E+01 0.0469
    6.4390E-01   1.06709E+01 0.0629
    6.5366E-01   1.12614E+01 0.0612
    6.6341E-01   1.10083E+01 0.0619
    6.7317E-01   9.61648E+00 0.0662
    6.8293E-01   9.82736E+00 0.0655
    6.9268E-01   1.01648E+01 0.0644
    7.0244E-01   8.47768E+00 0.0705
    7.1220E-01   8.94164E+00 0.0687
    7.2195E-01   8.09809E+00 0.0722
    7.3171E-01   7.63413E+00 0.0743
    7.4146E-01   8.47768E+00 0.0705
    7.5122E-01   1.35390E+01 0.0558
    7.6098E-01   7.88720E+00 0.0731
    7.7073E-01   7.38107E+00 0.0756
    7.8049E-01   7.21236E+00 0.0765
    7.9024E-01   7.76067E+00 0.0737
    8.0000E-01   8.73075E+00 0.0695
    8.0976E-01   7.17018E+00 0.0767
    8.1951E-01   7.33889E+00 0.0758
    8.2927E-01   9.95390E+00 0.0651
    8.3902E-01   7.21236E+00 0.0765
    8.4878E-01   1.86846E+01 0.0475
    8.5854E-01   7.29671E+00 0.0760
    8.6829E-01   6.62187E+00 0.0798
    8.7805E-01   6.15792E+00 0.0828
    8.8780E-01   7.46542E+00 0.0752
    8.9756E-01   6.24227E+00 0.0822
    9.0732E-01   5.77832E+00 0.0854
    9.1707E-01   6.07356E+00 0.0833
    9.2683E-01   5.77832E+00 0.0854
    9.3659E-01   5.18784E+00 0.0902
    9.4634E-01   5.98921E+00 0.0839
    9.5610E-01   5.90485E+00 0.0845
    9.6585E-01   5.18784E+00 0.0902
    9.7561E-01   5.48308E+00 0.0877
    9.8537E-01   4.89259E+00 0.0928
    9.9512E-01   5.77832E+00 0.0854
    1.0049E+00   6.11574E+00 0.0830
    1.0146E+00   2.44630E+01 0.0415
    1.0244E+00   4.55517E+00 0.0962
    1.0341E+00   4.42864E+00 0.0976
    1.0439E+00   4.42864E+00 0.0976
    1.0537E+00   6.11574E+00 0.0830
    1.0634E+00   5.18784E+00 0.0902
    1.0732E+00   3.96469E+00 0.1031
    1.0829E+00   4.80824E+00 0.0937
    1.0927E+00   4.42864E+00 0.0976
    1.1024E+00   5.94703E+00 0.0842
    1.1122E+00   4.72388E+00 0.0945
    1.1220E+00   4.63953E+00 0.0953
    1.1317E+00   4.21775E+00 0.1000
    1.1415E+00   4.25993E+00 0.0995
    1.1512E+00   3.92251E+00 0.1037
    1.1610E+00   4.13340E+00 0.1010
    1.1707E+00   6.41098E+00 0.0811
    1.1805E+00   4.17558E+00 0.1005
    1.1902E+00   4.68171E+00 0.0949
    1.2000E+00   3.58509E+00 0.1085
    1.2098E+00   4.04904E+00 0.1021
    1.2195E+00   4.21775E+00 0.1000
    1.2293E+00   1.77146E+01 0.0488
    1.2390E+00   3.28985E+00 0.1132
    1.2488E+00   3.79598E+00 0.1054
    1.2585E+00   4.89259E+00 0.0928
    1.2683E+00   2.91025E+00 0.1204
    1.2780E+00   4.04904E+00 0.1021
    1.2878E+00   3.75380E+00 0.1060
    1.2976E+00   3.33202E+00 0.1125
    1.3073E+00   4.85042E+00 0.0933
    1.3171E+00   4.21775E+00 0.1000
    1.3268E+00   3.75380E+00 0.1060
    1.3366E+00   4.13340E+00 0.1010
    1.3463E+00   3.58509E+00 0.1085
    1.3561E+00   3.33202E+00 0.1125
    1.3659E+00   3.75380E+00 0.1060
    1.3756E+00   3.33202E+00 0.1125
    1.3854E+00   4.00687E+00 0.1026
    1.3951E+00   3.37420E+00 0.1118
    1.4049E+00   3.24767E+00 0.1140
    1.4146E+00   3.75380E+00 0.1060
    1.4244E+00   3.50073E+00 0.1098
    1.4341E+00   3.24767E+00 0.1140
    1.4439E+00   2.86807E+00 0.1213
    1.4537E+00   3.66945E+00 0.1072
    1.4634E+00   3.37420E+00 0.1118
    1.4732E+00   4.72388E+00 0.0945
    1.4829E+00   6.57969E+00 0.0801
    1.4927E+00   3.58509E+00 0.1085
    1.5024E+00   3.37420E+00 0.1118
    1.5122E+00   3.03678E+00 0.1179
    1.5220E+00   3.71162E+00 0.1066
    1.5317E+00   3.03678E+00 0.1179
    1.5415E+00   3.41638E+00 0.1111
    1.5512E+00   3.28985E+00 0.1132
    1.5610E+00   3.71162E+00 0.1066
    1.5707E+00   2.61501E+00 0.1270
    1.5805E+00   3.07896E+00 0.1170
    1.5902E+00   2.44630E+00 0.1313
    1.6000E+00   2.91025E+00 0.1204
    1.6098E+00   2.99460E+00 0.1187
    1.6195E+00   2.61501E+00 0.1270
    1.6293E+00   2.53065E+00 0.1291
    1.6390E+00   2.36194E+00 0.1336
    1.6488E+00   3.12114E+00 0.1162
    1.6585E+00   5.23001E+00 0.0898
    1.6683E+00   2.69936E+00 0.1250
    1.6780E+00   2.74154E+00 0.1240
    1.6878E+00   2.53065E+00 0.1291
    1.6976E+00   2.15105E+00 0.1400
    1.7073E+00   3.41638E+00 0.1111
    1.7171E+00   2.31976E+00 0.1348
    1.7268E+00   6.03139E+00 0.0836
    1.7366E+00   6.91711E+00 0.0781
    1.7463E+00   2.31976E+00 0.1348
    1.7561E+00   2.27759E+00 0.1361
    1.7659E+00   1.56479E+01 0.0519
    1.7756E+00   2.19323E+00 0.1387
    1.7854E+00   2.19323E+00 0.1387
    1.7951E+00   2.27759E+00 0.1361
    1.8049E+00   2.23541E+00 0.1374
    1.8146E+00   2.74154E+00 0.1240
    1.8244E+00   2.53065E+00 0.1291
    1.8341E+00   2.69936E+00 0.1250
    1.8439E+00   2.27759E+00 0.1361
    1.8537E+00   1.94017E+00 0.1474
    1.8634E+00   3.12114E+00 0.1162
    1.8732E+00   2.23541E+00 0.1374
    1.8829E+00   2.48847E+00 0.1302
    1.8927E+00   2.27759E+00 0.1361
    1.9024E+00   2.69936E+00 0.1250
    1.9122E+00   1.94017E+00 0.1474
    1.9220E+00   2.40412E+00 0.1325
    1.9317E+00   2.36194E+00 0.1336
    1.9415E+00   2.69936E+00 0.1250
    1.9512E+00   2.61501E+00 0.1270
    1.9610E+00   4.09122E+00 0.1015
    1.9707E+00   2.44630E+00 0.1313
    1.9805E+00   1.94017E+00 0.1474
    1.9902E+00   2.91025E+00 0.1204
    2.0000E+00   1.85581E+00 0.1508
    2.0098E+00   1.94017E+00 0.1474
    2.0195E+00   2.02452E+00 0.1443
    2.0293E+00   1.68710E+00 0.1581
    2.0390E+00   1.72928E+00 0.1562
    2.0488E+00   2.48847E+00 0.1302
    2.0585E+00   1.68710E+00 0.1581
    2.0683E+00   2.40412E+00 0.1325
    2.0780E+00   1.85581E+00 0.1508
    2.0878E+00   2.10888E+00 0.1414
    2.0976E+00   1.89799E+00 0.1491
    2.1073E+00   1.98234E+00 0.1459
    2.1171E+00   2.02452E+00 0.1443
    2.1268E+00   1.94017E+00 0.1474
    2.1366E+00   2.65718E+00 0.1260
    2.1463E+00   2.02452E+00 0.1443
    2.1561E+00   1.89799E+00 0.1491
    2.1659E+00   1.98234E+00 0.1459
    2.1756E+00   1.85581E+00 0.1508
    2.1854E+00   2.61501E+00 0.1270
    2.1951E+00   2.15105E+00 0.1400
    2.2049E+00   2.06670E+00 0.1429
    2.2146E+00   1.02491E+01 0.0642
    2.2244E+00   1.68710E+00 0.1581
    2.2341E+00   2.36194E+00 0.1336
    2.2439E+00   1.30750E+00 0.1796
    2.2537E+00   1.22315E+00 0.1857
    2.2634E+00   1.81363E+00 0.1525
    2.2732E+00   1.81363E+00 0.1525
    2.2829E+00   1.81363E+00 0.1525
    2.2927E+00   1.60275E+00 0.1622
    2.3024E+00   1.56057E+00 0.1644
    2.3122E+00   1.72928E+00 0.1562
    2.3220E+00   2.19323E+00 0.1387
    2.3317E+00   1.81363E+00 0.1525
    2.3415E+00   1.34968E+00 0.1768
    2.3512E+00   1.51839E+00 0.1667
    2.3610E+00   2.02452E+00 0.1443
    2.3707E+00   1.72928E+00 0.1562
    2.3805E+00   2.15105E+00 0.1400
    2.3902E+00   1.43404E+00 0.1715
    2.4000E+00   1.39186E+00 0.1741
    2.4098E+00   1.39186E+00 0.1741
    2.4195E+00   2.10888E+00 0.1414
    2.4293E+00   1.94017E+00 0.1474
    2.4390E+00   1.60275E+00 0.1622
    2.4488E+00   1.34968E+00 0.1768
    2.4585E+00   1.60275E+00 0.1622
    2.4683E+00   1.60275E+00 0.1622
    2.4780E+00   2.69936E+00 0.1250
    2.4878E+00   1.47621E+00 0.1690
    2.4976E+00   3.41638E+00 0.1111
    2.5073E+00   1.77146E+00 0.1543
    2.5171E+00   1.94017E+00 0.1474
    2.5268E+00   9.27906E-01 0.2132
    2.5366E+00   1.34968E+00 0.1768
    2.5463E+00   1.47621E+00 0.1690
    2.5561E+00   1.34968E+00 0.1768
    2.5659E+00   1.56057E+00 0.1644
    2.5756E+00   1.60275E+00 0.1622
    2.5854E+00   2.82589E+00 0.1222
    2.5951E+00   1.56057E+00 0.1644
    2.6049E+00   1.26533E+00 0.1826
    2.6146E+00   1.56057E+00 0.1644
    2.6244E+00   1.56057E+00 0.1644
    2.6341E+00   1.30750E+00 0.1796
    2.6439E+00   1.22315E+00 0.1857
    2.6537E+00   5.73614E+00 0.0857
    2.6634E+00   1.18097E+00 0.1890
    2.6732E+00   1.43404E+00 0.1715
    2.6829E+00   1.56057E+00 0.1644
    2.6927E+00   1.56057E+00 0.1644
    2.7024E+00   3.75380E+00 0.1060
    2.7122E+00   1.30750E+00 0.1796
    2.7220E+00   1.22315E+00 0.1857
    2.7317E+00   1.26533E+00 0.1826
    2.7415E+00   1.98234E+00 0.1459
    2.7512E+00   1.22315E+00 0.1857
    2.7610E+00   9.70083E-01 0.2085
    2.7707E+00   1.13879E+00 0.1925
    2.7805E+00   8.85728E-01 0.2182
    2.7902E+00   9.70083E-01 0.2085
    2.8000E+00   7.17018E-01 0.2425
    2.8098E+00   1.01226E+00 0.2041
    2.8195E+00   1.13879E+00 0.1925
    2.8293E+00   1.01226E+00 0.2041
    2.8390E+00   1.56057E+00 0.1644
    2.8488E+00   1.13879E+00 0.1925
    2.8585E+00   1.22315E+00 0.1857
    2.8683E+00   1.30750E+00 0.1796
    2.8780E+00   1.81363E+00 0.1525
    2.8878E+00   1.09662E+00 0.1961
    2.8976E+00   1.26533E+00 0.1826
    2.9073E+00   1.01226E+00 0.2041
    2.9171E+00   8.01373E-01 0.2294
    2.9268E+00   8.43551E-01 0.2236
    2.9366E+00   7.59196E-01 0.2357
    2.9463E+00   1.22315E+00 0.1857
    2.9561E+00   1.09662E+00 0.1961
    2.9659E+00   9.27906E-01 0.2132
    2.9756E+00   6.74840E-01 0.2500
    2.9854E+00   3.16331E+00 0.1155
    2.9951E+00   1.13879E+00 0.1925
    3.0049E+00   5.23001E+00 0.0898
    3.0146E+00   5.94703E+00 0.0842
    3.0244E+00   9.27906E-01 0.2132
    3.0341E+00   8.85728E-01 0.2182
    3.0439E+00   7.59196E-01 0.2357
    3.0537E+00   8.43551E-01 0.2236
    3.0634E+00   7.59196E-01 0.2357
    3.0732E+00   5.06130E-01 0.2887
    3.0829E+00   6.32663E-01 0.2582
    3.0927E+00   4.00687E+00 0.1026
    3.1024E+00   6.32663E-01 0.2582
    3.1122E+00   4.63953E-01 0.3015
    3.1220E+00   4.21775E-01 0.3162
    3.1317E+00   6.74840E-01 0.2500
    3.1415E+00   9.27906E-01 0.2132
    3.1512E+00   6.74840E-01 0.2500
    3.1610E+00   5.90485E-01 0.2673
    3.1707E+00   1.05444E+00 0.2000
    3.1805E+00   5.06130E-01 0.2887
    3.1902E+00   8.85728E-01 0.2182
    3.2000E+00   1.26533E+00 0.1826
    3.2098E+00   7.59196E-01 0.2357
    3.2195E+00   7.59196E-01 0.2357
    3.2293E+00   1.22315E+00 0.1857
    3.2390E+00   8.01373E-01 0.2294
    3.2488E+00   9.27906E-01 0.2132
    3.2585E+00   8.85728E-01 0.2182
    3.2683E+00   7.59196E-01 0.2357
    3.2780E+00   6.32663E-01 0.2582
    3.2878E+00   7.59196E-01 0.2357
    3.2976E+00   8.01373E-01 0.2294
    3.3073E+00   8.43551E-01 0.2236
    3.3171E+00   9.27906E-01 0.2132
    3.3268E+00   6.74840E-01 0.2500
    3.3366E+00   5.06130E-01 0.2887
    3.3463E+00   8.85728E-01 0.2182
    3.3561E+00   4.63953E-01 0.3015
    3.3659E+00   1.09662E+00 0.1961
    3.3756E+00   4.63953E-01 0.3015
    3.3854E+00   5.90485E-01 0.2673
    3.3951E+00   6.74840E-01 0.2500
    3.4049E+00   7.59196E-01 0.2357
    3.4146E+00   3.79598E-01 0.3333
    3.4244E+00   5.48308E-01 0.2774
    3.4341E+00   6.32663E-01 0.2582
    3.4439E+00   6.74840E-01 0.2500
    3.4537E+00   8.01373E-01 0.2294
    3.4634E+00   6.74840E-01 0.2500
    3.4732E+00   4.63953E-01 0.3015
    3.4829E+00   4.63953E-01 0.3015
    3.4927E+00   8.43551E-01 0.2236
    3.5024E+00   6.32663E-01 0.2582
    3.5122E+00   5.06130E-01 0.2887
    3.5220E+00   6.32663E-01 0.2582
    3.5317E+00   6.32663E-01 0.2582
    3.5415E+00   4.21775E-01 0.3162
    3.5512E+00   5.48308E-01 0.2774
    3.5610E+00   7.17018E-01 0.2425
    3.5707E+00   5.90485E-01 0.2673
    3.5805E+00   6.74840E-01 0.2500
    3.5902E+00   6.32663E-01 0.2582
    3.6000E+00   6.32663E-01 0.2582
    3.6098E+00   6.74840E-01 0.2500
    3.6195E+00   8.85728E-01 0.2182
    3.6293E+00   4.63953E-01 0.3015
    3.6390E+00   5.48308E-01 0.2774
    3.6488E+00   4.21775E-01 0.3162
    3.6585E+00   5.90485E-01 0.2673
    3.6683E+00   6.32663E-01 0.2582
    3.6780E+00   5.90485E-01 0.2673
    3.6878E+00   8.01373E-01 0.2294
    3.6976E+00   4.63953E-01 0.3015
    3.7073E+00   5.06130E-01 0.2887
    3.7171E+00   1.34968E+00 0.1768
    3.7268E+00   3.37420E-01 0.3536
    3.7366E+00   5.06130E-01 0.2887
    3.7463E+00   5.48308E-01 0.2774
    3.7561E+00   5.06130E-01 0.2887
    3.7659E+00   5.06130E-01 0.2887
    3.7756E+00   5.90485E-01 0.2673
    3.7854E+00   4.21775E-01 0.3162
    3.7951E+00   5.48308E-01 0.2774
    3.8049E+00   5.48308E-01 0.2774
    3.8146E+00   7.17018E-01 0.2425
    3.8244E+00   3.37420E-01 0.3536
    3.8341E+00   5.90485E-01 0.2673
    3.8439E+00   6.32663E-01 0.2582
    3.8537E+00   3.79598E-01 0.3333
    3.8634E+00   5.48308E-01 0.2774
    3.8732E+00   5.06130E-01 0.2887
    3.8829E+00   3.79598E-01 0.3333
    3.8927E+00   6.32663E-01 0.2582
    3.9024E+00   3.37420E-01 0.3536
    3.9122E+00   4.21775E-01 0.3162
    3.9220E+00   5.06130E-01 0.2887
    3.9317E+00   3.79598E-01 0.3333
    3.9415E+00   4.63953E-01 0.3015
    3.9512E+00   4.63953E-01 0.3015
    3.9610E+00   5.90485E-01 0.2673
    3.9707E+00   4.21775E-01 0.3162
    3.9805E+00   2.10888E-01 0.4472
    3.9902E+00   8.01373E-01 0.2294
    4.0000E+00   3.79598E-01 0.3333
    4.0098E+00   4.21775E-01 0.3162
    4.0195E+00   5.06130E-01 0.2887
    4.0293E+00   2.95243E-01 0.3780
    4.0390E+00   2.53065E-01 0.4082
    4.0488E+00   6.74840E-01 0.2500
    4.0585E+00   6.74840E-01 0.2500
    4.0683E+00   8.85728E-01 0.2182
    4.0780E+00   3.79598E-01 0.3333
    4.0878E+00   4.21775E-01 0.3162
    4.0976E+00   4.63953E-01 0.3015
    4.1073E+00   3.79598E-01 0.3333
    4.1171E+00   3.79598E-01 0.3333
    4.1268E+00   7.17018E-01 0.2425
    4.1366E+00   5.90485E-01 0.2673
    4.1463E+00   4.63953E-01 0.3015
    4.1561E+00   2.53065E-01 0.4082
    4.1659E+00   4.63953E-01 0.3015
    4.1756E+00   4.63953E-01 0.3015
    4.1854E+00   3.37420E-01 0.3536
    4.1951E+00   5.48308E-01 0.2774
    4.2049E+00   3.79598E-01 0.3333
    4.2146E+00   5.06130E-01 0.2887
    4.2244E+00   5.90485E-01 0.2673
    4.2341E+00   2.95243E-01 0.3780
    4.2439E+00   5.90485E-01 0.2673
    4.2537E+00   3.79598E-01 0.3333
    4.2634E+00   4.63953E-01 0.3015
    4.2732E+00   5.90485E-01 0.2673
    4.2829E+00   3.37420E-01 0.3536
    4.2927E+00   4.63953E-01 0.3015
    4.3024E+00   2.95243E-01 0.3780
    4.3122E+00   4.21775E-01 0.3162
    4.3220E+00   4.21775E-01 0.3162
    4.3317E+00   5.06130E-01 0.2887
    4.3415E+00   6.32663E-01 0.2582
    4.3512E+00   7.59196E-01 0.2357
    4.3610E+00   3.37420E-01 0.3536
    4.3707E+00   2.53065E-01 0.4082
    4.3805E+00   1.68710E-01 0.5000
    4.3902E+00   5.48308E-01 0.2774
    4.4000E+00   3.79598E-01 0.3333
    4.4098E+00   2.95243E-01 0.3780
    4.4195E+00   3.79598E-01 0.3333
    4.4293E+00   3.79598E-01 0.3333
    4.4390E+00   3.37420E-01 0.3536
    4.4488E+00   4.21775E-01 0.3162
    4.4585E+00   2.10888E-01 0.4472
    4.4683E+00   7.59196E-01 0.2357
    4.4780E+00   5.90485E-01 0.2673
    4.4878E+00   4.63953E-01 0.3015
    4.4976E+00   5.90485E-01 0.2673
    4.5073E+00   7.17018E-01 0.2425
    4.5171E+00   3.37420E-01 0.3536
    4.5268E+00   3.37420E-01 0.3536
    4.5366E+00   5.06130E-01 0.2887
    4.5463E+00   4.21775E-01 0.3162
    4.5561E+00   6.74840E-01 0.2500
    4.5659E+00   2.95243E-01 0.3780
    4.5756E+00   3.37420E-01 0.3536
    4.5854E+00   3.37420E-01 0.3536
    4.5951E+00   4.63953E-01 0.3015
    4.6049E+00   4.21775E-01 0.3162
    4.6146E+00   5.90485E-01 0.2673
    4.6244E+00   2.95243E-01 0.3780
    4.6341E+00   3.37420E-01 0.3536
    4.6439E+00   3.37420E-01 0.3536
    4.6537E+00   3.79598E-01 0.3333
    4.6634E+00   4.63953E-01 0.3015
    4.6732E+00   2.10888E-01 0.4472
    4.6829E+00   3.79598E-01 0.3333
    4.6927E+00   2.95243E-01 0.3780
    4.7024E+00   1.26533E-01 0.5774
    4.7122E+00   2.10888E-01 0.4472
    4.7220E+00   5.90485E-01 0.2673
    4.7317E+00   5.06130E-01 0.2887
    4.7415E+00   2.10888E-01 0.4472
    4.7512E+00   5.90485E-01 0.2673
    4.7610E+00   2.95243E-01 0.3780
    4.7707E+00   1.68710E-01 0.5000
    4.7805E+00   1.26533E-01 0.5774
    4.7902E+00   4.21775E-01 0.3162
    4.8000E+00   5.48308E-01 0.2774
    4.8098E+00   3.79598E-01 0.3333
    4.8195E+00   5.06130E-01 0.2887
    4.8293E+00   4.63953E-01 0.3015
    4.8390E+00   2.53065E-01 0.4082
    4.8488E+00   4.21775E-01 0.3162
    4.8585E+00   3.79598E-01 0.3333
    4.8683E+00   1.68710E-01 0.5000
    4.8780E+00   2.95243E-01 0.3780
    4.8878E+00   3.37420E-01 0.3536
    4.8976E+00   2.95243E-01 0.3780
    4.9073E+00   2.95243E-01 0.3780
    4.9171E+00   2.95243E-01 0.3780
    4.9268E+00   2.95243E-01 0.3780
    4.9366E+00   6.32663E-01 0.2582
    4.9463E+00   3.79598E-01 0.3333
    4.9561E+00   2.95243E-01 0.3780
    4.9659E+00   1.26533E-01 0.5774
    4.9756E+00   8.85728E-01 0.2182
    4.9854E+00   3.37420E-01 0.3536
    4.9951E+00   1.68710E-01 0.5000
    5.0049E+00   5.48308E-01 0.2774
    5.0146E+00   2.95243E-01 0.3780
    5.0244E+00   3.37420E-01 0.3536
    5.0341E+00   2.10888E-01 0.4472
    5.0439E+00   3.79598E-01 0.3333
    5.0537E+00   4.63953E-01 0.3015
    5.0634E+00   4.21775E-01 0.3162
    5.0732E+00   4.21775E-01 0.3162
    5.0829E+00   1.68710E-01 0.5000
    5.0927E+00   1.26533E+00 0.1826
    5.1024E+00   3.79598E-01 0.3333
    5.1122E+00   5.48308E-01 0.2774
    5.1220E+00   3.79598E-01 0.3333
    5.1317E+00   4.63953E-01 0.3015
    5.1415E+00   2.95243E-01 0.3780
    5.1512E+00   1.26533E-01 0.5774
    5.1610E+00   5.06130E-01 0.2887
    5.1707E+00   4.21775E-01 0.3162
    5.1805E+00   2.95243E-01 0.3780
    5.1902E+00   2.95243E-01 0.3780
    5.2000E+00   1.09662E+00 0.1961
    5.2098E+00   3.37420E-01 0.3536
    5.2195E+00   4.63953E-01 0.3015
    5.2293E+00   3.37420E-01 0.3536
    5.2390E+00   2.10888E-01 0.4472
    5.2488E+00   1.68710E-01 0.5000
    5.2585E+00   5.06130E-01 0.2887
    5.2683E+00   2.95243E-01 0.3780
    5.2780E+00   4.63953E-01 0.3015
    5.2878E+00   5.48308E-01 0.2774
    5.2976E+00   0.00000E+00 0.0000
    5.3073E+00   3.79598E-01 0.3333
    5.3171E+00   5.48308E-01 0.2774
    5.3268E+00   2.53065E-01 0.4082
    5.3366E+00   1.68710E-01 0.5000
    5.3463E+00   5.06130E-01 0.2887
    5.3561E+00   3.79598E-01 0.3333
    5.3659E+00   2.95243E-01 0.3780
    5.3756E+00   3.79598E-01 0.3333
    5.3854E+00   2.95243E-01 0.3780
    5.3951E+00   2.10888E-01 0.4472
    5.4049E+00   1.26533E-01 0.5774
    5.4146E+00   1.68710E-01 0.5000
    5.4244E+00   2.53065E-01 0.4082
    5.4341E+00   3.79598E-01 0.3333
    5.4439E+00   2.95243E-01 0.3780
    5.4537E+00   1.26533E-01 0.5774
    5.4634E+00   3.37420E-01 0.3536
    5.4732E+00   3.37420E-01 0.3536
    5.4829E+00   5.48308E-01 0.2774
    5.4927E+00   2.95243E-01 0.3780
    5.5024E+00   3.37420E-01 0.3536
    5.5122E+00   2.53065E-01 0.4082
    5.5220E+00   2.95243E-01 0.3780
    5.5317E+00   2.10888E-01 0.4472
    5.5415E+00   4.21775E-01 0.3162
    5.5512E+00   2.53065E-01 0.4082
    5.5610E+00   3.37420E-01 0.3536
    5.5707E+00   1.68710E-01 0.5000
    5.5805E+00   3.37420E-01 0.3536
    5.5902E+00   1.68710E-01 0.5000
    5.6000E+00   3.12114E+00 0.1162
    5.6098E+00   5.06130E-01 0.2887
    5.6195E+00   2.53065E-01 0.4082
    5.6293E+00   2.95243E-01 0.3780
    5.6390E+00   2.53065E-01 0.4082
    5.6488E+00   2.10888E-01 0.4472
    5.6585E+00   5.06130E-01 0.2887
    5.6683E+00   3.37420E-01 0.3536
    5.6780E+00   5.48308E-01 0.2774
    5.6878E+00   1.26533E-01 0.5774
    5.6976E+00   4.63953E-01 0.3015
    5.7073E+00   8.43551E-01 0.2236
    5.7171E+00   2.95243E-01 0.3780
    5.7268E+00   2.95243E-01 0.3780
    5.7366E+00   1.68710E-01 0.5000
    5.7463E+00   2.53065E-01 0.4082
    5.7561E+00   8.43551E-02 0.7071
    5.7659E+00   2.53065E-01 0.4082
    5.7756E+00   4.21775E-01 0.3162
    5.7854E+00   3.79598E-01 0.3333
    5.7951E+00   3.79598E-01 0.3333
    5.8049E+00   1.26533E-01 0.5774
    5.8146E+00   3.37420E-01 0.3536
    5.8244E+00   1.68710E-01 0.5000
    5.8341E+00   2.53065E-01 0.4082
    5.8439E+00   2.10888E-01 0.4472
    5.8537E+00   5.48308E-01 0.2774
    5.8634E+00   4.21775E-01 0.3162
    5.8732E+00   2.10888E-01 0.4472
    5.8829E+00   2.53065E-01 0.4082
    5.8927E+00   2.10888E-01 0.4472
    5.9024E+00   4.21775E-01 0.3162
    5.9122E+00   4.63953E-01 0.3015
    5.9220E+00   4.21775E-02 1.0000
    5.9317E+00   2.53065E-01 0.4082
    5.9415E+00   3.79598E-01 0.3333
    5.9512E+00   2.95243E-01 0.3780
    5.9610E+00   2.10888E-01 0.4472
    5.9707E+00   3.37420E-01 0.3536
    5.9805E+00   2.53065E-01 0.4082
    5.9902E+00   1.26533E-01 0.5774
    6.0000E+00   4.21775E-02 1.0000
    6.0098E+00   1.68710E-01 0.5000
    6.0195E+00   8.43551E-02 0.7071
    6.0293E+00   8.43551E-02 0.7071
    6.0390E+00   1.68710E-01 0.5000
    6.0488E+00   1.68710E-01 0.5000
    6.0585E+00   1.26533E-01 0.5774
    6.0683E+00   2.10888E-01 0.4472
    6.0780E+00   8.43551E-02 0.7071
    6.0878E+00   1.26533E-01 0.5774
    6.0976E+00   8.43551E-02 0.7071
    6.1073E+00   2.95243E-01 0.3780
    6.1171E+00   3.28985E+00 0.1132
    6.1268E+00   2.10888E-01 0.4472
    6.1366E+00   0.00000E+00 0.0000
    6.1463E+00   1.68710E-01 0.5000
    6.1561E+00   8.43551E-02 0.7071
    6.1659E+00   1.26533E-01 0.5774
    6.1756E+00   8.43551E-02 0.7071
    6.1854E+00   8.43551E-02 0.7071
    6.1951E+00   8.43551E-02 0.7071
    6.2049E+00   1.26533E-01 0.5774
    6.2146E+00   4.21775E-02 1.0000
    6.2244E+00   2.10888E-01 0.4472
    6.2341E+00   1.68710E-01 0.5000
    6.2439E+00   3.37420E-01 0.3536
    6.2537E+00   1.26533E-01 0.5774
    6.2634E+00   8.43551E-02 0.7071
    6.2732E+00   4.21775E-02 1.0000
    6.2829E+00   1.68710E-01 0.5000
    6.2927E+00   4.21775E-02 1.0000
    6.3024E+00   1.26533E-01 0.5774
    6.3122E+00   1.68710E-01 0.5000
    6.3220E+00   1.68710E-01 0.5000
    6.3317E+00   1.26533E-01 0.5774
    6.3415E+00   8.43551E-02 0.7071
    6.3512E+00   8.43551E-02 0.7071
    6.3610E+00   1.68710E-01 0.5000
    6.3707E+00   2.10888E-01 0.4472
    6.3805E+00   1.26533E-01 0.5774
    6.3902E+00   0.00000E+00 0.0000
    6.4000E+00   8.01373E-01 0.2294
    6.4098E+00   1.68710E-01 0.5000
    6.4195E+00   1.68710E-01 0.5000
    6.4293E+00   4.21775E-02 1.0000
    6.4390E+00   2.53065E-01 0.4082
    6.4488E+00   1.26533E-01 0.5774
    6.4585E+00   1.26533E-01 0.5774
    6.4683E+00   3.79598E-01 0.3333
    6.4780E+00   5.06130E-01 0.2887
    6.4878E+00   2.10888E-01 0.4472
    6.4976E+00   1.26533E-01 0.5774
    6.5073E+00   2.10888E-01 0.4472
    6.5171E+00   4.21775E-02 1.0000
    6.5268E+00   1.26533E-01 0.5774
    6.5366E+00   4.21775E-02 1.0000
    6.5463E+00   1.68710E-01 0.5000
    6.5561E+00   0.00000E+00 0.0000
    6.5659E+00   1.26533E-01 0.5774
    6.5756E+00   1.26533E-01 0.5774
    6.5854E+00   2.10888E-01 0.4472
    6.5951E+00   4.21775E-02 1.0000
    6.6049E+00   8.43551E-02 0.7071
    6.6146E+00   0.00000E+00 0.0000
    6.6244E+00   9.70083E-01 0.2085
    6.6341E+00   1.68710E-01 0.5000
    6.6439E+00   1.68710E-01 0.5000
    6.6537E+00   1.26533E-01 0.5774
    6.6634E+00   1.68710E-01 0.5000
    6.6732E+00   4.21775E-02 1.0000
    6.6829E+00   1.26533E-01 0.5774
    6.6927E+00   0.00000E+00 0.0000
    6.7024E+00   1.26533E-01 0.5774
    6.7122E+00   4.21775E-02 1.0000
    6.7220E+00   4.21775E-02 1.0000
    6.7317E+00   1.26533E-01 0.5774
    6.7415E+00   8.43551E-02 0.7071
    6.7512E+00   8.43551E-02 0.7071
    6.7610E+00   1.68710E-01 0.5000
    6.7707E+00   4.21775E-02 1.0000
    6.7805E+00   1.26533E-01 0.5774
    6.7902E+00   1.26533E-01 0.5774
    6.8000E+00   4.21775E-02 1.0000
    6.8098E+00   8.43551E-02 0.7071
    6.8195E+00   4.21775E-02 1.0000
    6.8293E+00   1.26533E-01 0.5774
    6.8390E+00   2.10888E-01 0.4472
    6.8488E+00   8.43551E-02 0.7071
    6.8585E+00   4.21775E-02 1.0000
    6.8683E+00   8.43551E-02 0.7071
    6.8780E+00   1.68710E-01 0.5000
    6.8878E+00   8.43551E-02 0.7071
    6.8976E+00   0.00000E+00 0.0000
    6.9073E+00   9.70083E-01 0.2085
    6.9171E+00   1.26533E-01 0.5774
    6.9268E+00   8.43551E-02 0.7071
    6.9366E+00   8.43551E-02 0.7071
    6.9463E+00   8.43551E-02 0.7071
    6.9561E+00   4.21775E-02 1.0000
    6.9659E+00   1.26533E-01 0.5774
    6.9756E+00   4.21775E-02 1.0000
    6.9854E+00   2.53065E-01 0.4082
    6.9951E+00   1.01226E+00 0.2041
    7.0049E+00   1.68710E-01 0.5000
    7.0146E+00   2.53065E-01 0.4082
    7.0244E+00   8.43551E-02 0.7071
    7.0341E+00   0.00000E+00 0.0000
    7.0439E+00   1.26533E-01 0.5774
    7.0537E+00   1.26533E-01 0.5774
    7.0634E+00   8.43551E-02 0.7071
    7.0732E+00   4.21775E-02 1.0000
    7.0829E+00   1.68710E-01 0.5000
    7.0927E+00   0.00000E+00 0.0000
    7.1024E+00   1.68710E-01 0.5000
    7.1122E+00   4.21775E-02 1.0000
    7.1220E+00   1.68710E-01 0.5000
    7.1317E+00   1.26533E-01 0.5774
    7.1415E+00   8.43551E-02 0.7071
    7.1512E+00   8.43551E-02 0.7071
    7.1610E+00   0.00000E+00 0.0000
    7.1707E+00   4.21775E-02 1.0000
    7.1805E+00   2.53065E-01 0.4082
    7.1902E+00   4.21775E-02 1.0000
    7.2000E+00   0.00000E+00 0.0000
    7.2098E+00   0.00000E+00 0.0000
    7.2195E+00   0.00000E+00 0.0000
    7.2293E+00   8.43551E-02 0.7071
    7.2390E+00   4.21775E-02 1.0000
    7.2488E+00   8.43551E-02 0.7071
    7.2585E+00   4.21775E-02 1.0000
    7.2683E+00   0.00000E+00 0.0000
    7.2780E+00   0.00000E+00 0.0000
    7.2878E+00   4.21775E-02 1.0000
    7.2976E+00   0.00000E+00 0.0000
    7.3073E+00   4.21775E-02 1.0000
    7.3171E+00   4.21775E-02 1.0000
    7.3268E+00   8.43551E-02 0.7071
    7.3366E+00   0.00000E+00 0.0000
    7.3463E+00   0.00000E+00 0.0000
    7.3561E+00   0.00000E+00 0.0000
    7.3659E+00   0.00000E+00 0.0000
    7.3756E+00   8.43551E-02 0.7071
    7.3854E+00   0.00000E+00 0.0000
    7.3951E+00   0.00000E+00 0.0000
    7.4049E+00   0.00000E+00 0.0000
    7.4146E+00   8.43551E-01 0.2236
    7.4244E+00   0.00000E+00 0.0000
    7.4341E+00   0.00000E+00 0.0000
    7.4439E+00   0.00000E+00 0.0000
    7.4537E+00   4.21775E-02 1.0000
    7.4634E+00   0.00000E+00 0.0000
    7.4732E+00   4.21775E-02 1.0000
    7.4829E+00   0.00000E+00 0.0000
    7.4927E+00   0.00000E+00 0.0000
    7.5024E+00   6.32663E-01 0.2582
    7.5122E+00   0.00000E+00 0.0000
    7.5220E+00   0.00000E+00 0.0000
    7.5317E+00   1.68710E-01 0.5000
    7.5415E+00   0.00000E+00 0.0000
    7.5512E+00   0.00000E+00 0.0000
    7.5610E+00   2.10888E-01 0.4472
    7.5707E+00   0.00000E+00 0.0000
    7.5805E+00   0.00000E+00 0.0000
    7.5902E+00   0.00000E+00 0.0000
    7.6000E+00   1.26533E-01 0.5774
    7.6098E+00   4.21775E-02 1.0000
    7.6195E+00   4.21775E-02 1.0000
    7.6293E+00   0.00000E+00 0.0000
    7.6390E+00   0.00000E+00 0.0000
    7.6488E+00   8.43551E-02 0.7071
    7.6585E+00   4.21775E-02 1.0000
    7.6683E+00   8.43551E-02 0.7071
    7.6780E+00   4.21775E-02 1.0000
    7.6878E+00   0.00000E+00 0.0000
    7.6976E+00   4.21775E-02 1.0000
    7.7073E+00   4.21775E-02 1.0000
    7.7171E+00   0.00000E+00 0.0000
    7.7268E+00   0.00000E+00 0.0000
    7.7366E+00   4.21775E-02 1.0000
    7.7463E+00   8.43551E-02 0.7071
    7.7561E+00   8.43551E-02 0.7071
    7.7659E+00   0.00000E+00 0.0000
    7.7756E+00   0.00000E+00 0.0000
    7.7854E+00   4.21775E-02 1.0000
    7.7951E+00   4.21775E-02 1.0000
    7.8049E+00   0.00000E+00 0.0000
    7.8146E+00   4.21775E-02 1.0000
    7.8244E+00   4.21775E-02 1.0000
    7.8341E+00   4.21775E-02 1.0000
    7.8439E+00   4.21775E-02 1.0000
    7.8537E+00   4.21775E-02 1.0000
    7.8634E+00   4.21775E-02 1.0000
    7.8732E+00   0.00000E+00 0.0000
    7.8829E+00   4.21775E-02 1.0000
    7.8927E+00   0.00000E+00 0.0000
    7.9024E+00   4.21775E-02 1.0000
    7.9122E+00   0.00000E+00 0.0000
    7.9220E+00   8.43551E-02 0.7071
    7.9317E+00   0.00000E+00 0.0000
    7.9415E+00   4.21775E-02 1.0000
    7.9512E+00   4.21775E-02 1.0000
    7.9610E+00   0.00000E+00 0.0000
    7.9707E+00   4.21775E-02 1.0000
    7.9805E+00   1.26533E-01 0.5774
    7.9902E+00   4.21775E-02 1.0000
    8.0000E+00   8.43551E-02 0.7071
    8.0098E+00   0.00000E+00 0.0000
    8.0195E+00   8.43551E-02 0.7071
    8.0293E+00   0.00000E+00 0.0000
    8.0390E+00   0.00000E+00 0.0000
    8.0488E+00   0.00000E+00 0.0000
    8.0585E+00   0.00000E+00 0.0000
    8.0683E+00   2.53065E-01 0.4082
    8.0780E+00   0.00000E+00 0.0000
    8.0878E+00   4.21775E-02 1.0000
    8.0976E+00   0.00000E+00 0.0000
    8.1073E+00   0.00000E+00 0.0000
    8.1171E+00   0.00000E+00 0.0000
    8.1268E+00   0.00000E+00 0.0000
    8.1366E+00   4.21775E-02 1.0000
    8.1463E+00   0.00000E+00 0.0000
    8.1561E+00   4.21775E-02 1.0000
    8.1659E+00   8.43551E-02 0.7071
    8.1756E+00   0.00000E+00 0.0000
    8.1854E+00   0.00000E+00 0.0000
    8.1951E+00   4.21775E-02 1.0000
    8.2049E+00   0.00000E+00 0.0000
    8.2146E+00   0.00000E+00 0.0000
    8.2244E+00   0.00000E+00 0.0000
    8.2341E+00   0.00000E+00 0.0000
    8.2439E+00   0.00000E+00 0.0000
    8.2537E+00   0.00000E+00 0.0000
    8.2634E+00   0.00000E+00 0.0000
    8.2732E+00   0.00000E+00 0.0000
    8.2829E+00   4.21775E-02 1.0000
    8.2927E+00   0.00000E+00 0.0000
    8.3024E+00   4.21775E-02 1.0000
    8.3122E+00   0.00000E+00 0.0000
    8.3220E+00   4.21775E-02 1.0000
    8.3317E+00   4.21775E-02 1.0000
    8.3415E+00   4.21775E-02 1.0000
    8.3512E+00   0.00000E+00 0.0000
    8.3610E+00   0.00000E+00 0.0000
    8.3707E+00   0.00000E+00 0.0000
    8.3805E+00   0.00000E+00 0.0000
    8.3902E+00   0.00000E+00 0.0000
    8.4000E+00   0.00000E+00 0.0000
    8.4098E+00   0.00000E+00 0.0000
    8.4195E+00   0.00000E+00 0.0000
    8.4293E+00   0.00000E+00 0.0000
    8.4390E+00   0.00000E+00 0.0000
    8.4488E+00   0.00000E+00 0.0000
    8.4585E+00   0.00000E+00 0.0000
    8.4683E+00   0.00000E+00 0.0000
    8.4780E+00   0.00000E+00 0.0000
    8.4878E+00   0.00000E+00 0.0000
    8.4976E+00   0.00000E+00 0.0000
    8.5073E+00   0.00000E+00 0.0000
    8.5171E+00   0.00000E+00 0.0000
    8.5268E+00   0.00000E+00 0.0000
    8.5366E+00   0.00000E+00 0.0000
    8.5463E+00   0.00000E+00 0.0000
    8.5561E+00   0.00000E+00 0.0000
    8.5659E+00   0.00000E+00 0.0000
    8.5756E+00   4.21775E-02 1.0000
    8.5854E+00   1.26533E-01 0.5774
    8.5951E+00   0.00000E+00 0.0000
    8.6049E+00   0.00000E+00 0.0000
    8.6146E+00   0.00000E+00 0.0000
    8.6244E+00   0.00000E+00 0.0000
    8.6341E+00   0.00000E+00 0.0000
    8.6439E+00   0.00000E+00 0.0000
    8.6537E+00   0.00000E+00 0.0000
    8.6634E+00   0.00000E+00 0.0000
    8.6732E+00   0.00000E+00 0.0000
    8.6829E+00   0.00000E+00 0.0000
    8.6927E+00   0.00000E+00 0.0000
    8.7024E+00   4.21775E-02 1.0000
    8.7122E+00   0.00000E+00 0.0000
    8.7220E+00   0.00000E+00 0.0000
    8.7317E+00   0.00000E+00 0.0000
    8.7415E+00   0.00000E+00 0.0000
    8.7512E+00   0.00000E+00 0.0000
    8.7610E+00   0.00000E+00 0.0000
    8.7707E+00   0.00000E+00 0.0000
    8.7805E+00   0.00000E+00 0.0000
    8.7902E+00   0.00000E+00 0.0000
    8.8000E+00   0.00000E+00 0.0000
    8.8098E+00   8.43551E-02 0.7071
    8.8195E+00   0.00000E+00 0.0000
    8.8293E+00   0.00000E+00 0.0000
    8.8390E+00   0.00000E+00 0.0000
    8.8488E+00   0.00000E+00 0.0000
    8.8585E+00   0.00000E+00 0.0000
    8.8683E+00   0.00000E+00 0.0000
    8.8780E+00   0.00000E+00 0.0000
    8.8878E+00   4.21775E-02 1.0000
    8.8976E+00   0.00000E+00 0.0000
    8.9073E+00   0.00000E+00 0.0000
    8.9171E+00   0.00000E+00 0.0000
    8.9268E+00   0.00000E+00 0.0000
    8.9366E+00   4.21775E-02 1.0000
    8.9463E+00   0.00000E+00 0.0000
    8.9561E+00   0.00000E+00 0.0000
    8.9659E+00   0.00000E+00 0.0000
    8.9756E+00   0.00000E+00 0.0000
    8.9854E+00   0.00000E+00 0.0000
    8.9951E+00   0.00000E+00 0.0000
    9.0049E+00   0.00000E+00 0.0000
    9.0146E+00   0.00000E+00 0.0000
    9.0244E+00   0.00000E+00 0.0000
    9.0341E+00   0.00000E+00 0.0000
    9.0439E+00   0.00000E+00 0.0000
    9.0537E+00   0.00000E+00 0.0000
    9.0634E+00   0.00000E+00 0.0000
    9.0732E+00   0.00000E+00 0.0000
    9.0829E+00   0.00000E+00 0.0000
    9.0927E+00   0.00000E+00 0.0000
    9.1024E+00   0.00000E+00 0.0000
    9.1122E+00   0.00000E+00 0.0000
    9.1220E+00   0.00000E+00 0.0000
    9.1317E+00   0.00000E+00 0.0000
    9.1415E+00   0.00000E+00 0.0000
    9.1512E+00   0.00000E+00 0.0000
    9.1610E+00   4.21775E-02 1.0000
    9.1707E+00   0.00000E+00 0.0000
    9.1805E+00   0.00000E+00 0.0000
    9.1902E+00   0.00000E+00 0.0000
    9.2000E+00   4.21775E-02 1.0000
    9.2098E+00   0.00000E+00 0.0000
    9.2195E+00   0.00000E+00 0.0000
    9.2293E+00   0.00000E+00 0.0000
    9.2390E+00   0.00000E+00 0.0000
    9.2488E+00   0.00000E+00 0.0000
    9.2585E+00   0.00000E+00 0.0000
    9.2683E+00   0.00000E+00 0.0000
    9.2780E+00   0.00000E+00 0.0000
    9.2878E+00   0.00000E+00 0.0000
    9.2976E+00   0.00000E+00 0.0000
    9.3073E+00   0.00000E+00 0.0000
    9.3171E+00   4.21775E-02 1.0000
    9.3268E+00   0.00000E+00 0.0000
    9.3366E+00   0.00000E+00 0.0000
    9.3463E+00   0.00000E+00 0.0000
    9.3561E+00   0.00000E+00 0.0000
    9.3659E+00   0.00000E+00 0.0000
    9.3756E+00   0.00000E+00 0.0000
    9.3854E+00   0.00000E+00 0.0000
    9.3951E+00   0.00000E+00 0.0000
    9.4049E+00   0.00000E+00 0.0000
    9.4146E+00   0.00000E+00 0.0000
    9.4244E+00   0.00000E+00 0.0000
    9.4341E+00   0.00000E+00 0.0000
    9.4439E+00   0.00000E+00 0.0000
    9.4537E+00   0.00000E+00 0.0000
    9.4634E+00   0.00000E+00 0.0000
    9.4732E+00   0.00000E+00 0.0000
    9.4829E+00   0.00000E+00 0.0000
    9.4927E+00   0.00000E+00 0.0000
    9.5024E+00   0.00000E+00 0.0000
    9.5122E+00   0.00000E+00 0.0000
    9.5220E+00   0.00000E+00 0.0000
    9.5317E+00   0.00000E+00 0.0000
    9.5415E+00   0.00000E+00 0.0000
    9.5512E+00   0.00000E+00 0.0000
    9.5610E+00   0.00000E+00 0.0000
    9.5707E+00   4.21775E-02 1.0000
    9.5805E+00   0.00000E+00 0.0000
    9.5902E+00   0.00000E+00 0.0000
    9.6000E+00   0.00000E+00 0.0000
    9.6098E+00   0.00000E+00 0.0000
    9.6195E+00   4.21775E-02 1.0000
    9.6293E+00   4.21775E-02 1.0000
    9.6390E+00   0.00000E+00 0.0000
    9.6488E+00   0.00000E+00 0.0000
    9.6585E+00   0.00000E+00 0.0000
    9.6683E+00   0.00000E+00 0.0000
    9.6780E+00   0.00000E+00 0.0000
    9.6878E+00   0.00000E+00 0.0000
    9.6976E+00   0.00000E+00 0.0000
    9.7073E+00   0.00000E+00 0.0000
    9.7171E+00   0.00000E+00 0.0000
    9.7268E+00   0.00000E+00 0.0000
    9.7366E+00   4.21775E-02 1.0000
    9.7463E+00   0.00000E+00 0.0000
    9.7561E+00   0.00000E+00 0.0000
    9.7659E+00   0.00000E+00 0.0000
    9.7756E+00   0.00000E+00 0.0000
    9.7854E+00   0.00000E+00 0.0000
    9.7951E+00   0.00000E+00 0.0000
    9.8049E+00   0.00000E+00 0.0000
    9.8146E+00   0.00000E+00 0.0000
    9.8244E+00   0.00000E+00 0.0000
    9.8341E+00   0.00000E+00 0.0000
    9.8439E+00   0.00000E+00 0.0000
    9.8537E+00   0.00000E+00 0.0000
    9.8634E+00   0.00000E+00 0.0000
    9.8732E+00   0.00000E+00 0.0000
    9.8829E+00   0.00000E+00 0.0000
    9.8927E+00   0.00000E+00 0.0000
    9.9024E+00   0.00000E+00 0.0000
    9.9122E+00   0.00000E+00 0.0000
    9.9220E+00   0.00000E+00 0.0000
    9.9317E+00   0.00000E+00 0.0000
    9.9415E+00   0.00000E+00 0.0000
    9.9512E+00   0.00000E+00 0.0000
    9.9610E+00   0.00000E+00 0.0000
    9.9707E+00   0.00000E+00 0.0000
    9.9805E+00   0.00000E+00 0.0000
    9.9902E+00   0.00000E+00 0.0000
    1.0000E+01   0.00000E+00 0.0000