    0.0000E+00   4.21775E-02 1.0000
    9.7561E-03   1.11083E+03 0.0062
    1.9512E-02   5.08239E+01 0.0288
    2.9268E-02   5.82050E+01 0.0269
    3.9024E-02   7.36841E+01 0.0239
    4.8780E-02   1.15862E+02 0.0191
    5.8537E-02   1.87268E+02 0.0150
    6.8293E-02   1.71030E+02 0.0157
    7.8049E-02   1.66812E+02 0.0159
    8.7805E-02   1.56057E+02 0.0164
    9.7561E-02   1.70777E+02 0.0157
    1.0732E-01   1.33534E+02 0.0178
    1.1707E-01   1.27039E+02 0.0182
    1.2683E-01   1.13162E+02 0.0193
    1.3659E-01   1.05191E+02 0.0200
    1.4634E-01   9.93281E+01 0.0206
    1.5610E-01   8.63796E+01 0.0221
    1.6585E-01   7.69318E+01 0.0234
    1.7561E-01   7.42746E+01 0.0238
    1.8537E-01   6.72310E+01 0.0250
    1.9512E-01   6.64296E+01 0.0252
    2.0488E-01   6.92977E+01 0.0247
    2.1463E-01   5.52947E+01 0.0276
    2.2439E-01   5.20892E+01 0.0285
    2.3415E-01   5.18784E+01 0.0285
    2.4390E-01   4.89681E+01 0.0293
    2.5366E-01   4.41599E+01 0.0309
    2.6341E-01   4.38646E+01 0.0310
    2.7317E-01   4.01108E+01 0.0324
    2.8293E-01   3.52604E+01 0.0346
    2.9268E-01   3.41638E+01 0.0351
    3.0244E-01   3.09161E+01 0.0369
    3.1220E-01   3.07052E+01 0.0371
    3.2195E-01   2.83011E+01 0.0386
    3.3171E-01   2.64453E+01 0.0399
    3.4146E-01   2.55596E+01 0.0406
    3.5122E-01   2.60235E+01 0.0403
    3.6098E-01   2.37459E+01 0.0421
    3.7073E-01   2.19323E+01 0.0439
    3.8049E-01   2.06670E+01 0.0452
    3.9024E-01   2.16793E+01 0.0441
    4.0000E-01   2.16371E+01 0.0442
    4.0976E-01   1.99078E+01 0.0460
    4.1951E-01   2.54752E+01 0.0407
    4.2927E-01   2.06670E+01 0.0452
    4.3902E-01   1.96126E+01 0.0464
    4.4878E-01   2.21432E+01 0.0436
    4.5854E-01   1.82207E+01 0.0481
    4.6829E-01   1.72928E+01 0.0494
    4.7805E-01   7.98842E+01 0.0230
    4.8780E-01   1.51839E+01 0.0527
    4.9756E-01   1.51417E+01 0.0528
    5.0732E-01   1.44247E+01 0.0541
    5.1707E-01   2.32398E+01 0.0426
    5.2683E-01   1.32016E+01 0.0565
    5.3659E-01   1.35812E+01 0.0557
    5.4634E-01   1.20628E+01 0.0591
    5.5610E-01   1.29485E+01 0.0571
    5.6585E-01   1.17254E+01 0.0600
    5.7561E-01   1.11349E+01 0.0615
    5.8537E-01   1.15566E+01 0.0604
    5.9512E-01   1.17675E+01 0.0599
    6.0488E-01   1.24424E+01 0.0582
    6.1463E-01   1.20206E+01 0.0592
    6.2439E-01   1.19784E+01 0.0593
    6.3415E-01   1.23158E+01 0.0585
    6.4390E-01   1.02491E+01 0.0642
    6.5366E-01   1.03757E+01 0.0638
    6.6341E-01   9.23688E+00 0.0676
    6.7317E-01   9.23688E+00 0.0676
    6.8293E-01   9.61648E+00 0.0662
    6.9268E-01   9.74301E+00 0.0658
    7.0244E-01   8.39333E+00 0.0709
    7.1220E-01   8.01373E+00 0.0725
    7.2195E-01   7.80284E+00 0.0735
    7.3171E-01   8.68857E+00 0.0697
    7.4146E-01   9.15252E+00 0.0679
    7.5122E-01   9.74301E+00 0.0658
    7.6098E-01   8.47768E+00 0.0705
    7.7073E-01   8.35115E+00 0.0711
    7.8049E-01   8.47768E+00 0.0705
    7.9024E-01   8.39333E+00 0.0709
    8.0000E-01   8.47768E+00 0.0705
    8.0976E-01   7.97155E+00 0.0727
    8.1951E-01   7.25454E+00 0.0762
    8.2927E-01   7.46542E+00 0.0752
    8.3902E-01   8.05591E+00 0.0724
    8.4878E-01   1.42138E+01 0.0545
    8.5854E-01   7.67631E+00 0.0741
    8.6829E-01   6.62187E+00 0.0798
    8.7805E-01   9.78519E+00 0.0657
    8.8780E-01   7.00147E+00 0.0776
    8.9756E-01   6.95929E+00 0.0778
    9.0732E-01   7.38107E+00 0.0756
    9.1707E-01   7.42325E+00 0.0754
    9.2683E-01   7.21236E+00 0.0765
    9.3659E-01   5.60961E+00 0.0867
    9.4634E-01   5.86268E+00 0.0848
    9.5610E-01   6.28445E+00 0.0819
    9.6585E-01   5.90485E+00 0.0845
    9.7561E-01   5.44090E+00 0.0880
    9.8537E-01   5.98921E+00 0.0839
    9.9512E-01   5.27219E+00 0.0894
    1.0049E+00   5.52526E+00 0.0874
    1.0146E+00   1.89799E+01 0.0471
    1.0244E+00   6.03139E+00 0.0836
    1.0341E+00   5.01913E+00 0.0917
    1.0439E+00   5.82050E+00 0.0851
    1.0537E+00   5.48308E+00 0.0877
    1.0634E+00   6.07356E+00 0.0833
    1.0732E+00   4.93477E+00 0.0925
    1.0829E+00   5.35655E+00 0.0887
    1.0927E+00   5.60961E+00 0.0867
    1.1024E+00   5.35655E+00 0.0887
    1.1122E+00   5.18784E+00 0.0902
    1.1220E+00   6.15792E+00 0.0828
    1.1317E+00   6.20010E+00 0.0825
    1.1415E+00   5.60961E+00 0.0867
    1.1512E+00   4.47082E+00 0.0971
    1.1610E+00   5.44090E+00 0.0880
    1.1707E+00   5.01913E+00 0.0917
    1.1805E+00   4.68171E+00 0.0949
    1.1902E+00   5.94703E+00 0.0842
    1.2000E+00   4.72388E+00 0.0945
    1.2098E+00   9.48994E+00 0.0667
    1.2195E+00   5.60961E+00 0.0867
    1.2293E+00   4.80824E+00 0.0937
    1.2390E+00   5.69397E+00 0.0861
    1.2488E+00   5.06130E+00 0.0913
    1.2585E+00   4.63953E+00 0.0953
    1.2683E+00   5.01913E+00 0.0917
    1.2780E+00   5.23001E+00 0.0898
    1.2878E+00   5.56743E+00 0.0870
    1.2976E+00   4.89259E+00 0.0928
    1.3073E+00   4.51300E+00 0.0967
    1.3171E+00   4.47082E+00 0.0971
    1.3268E+00   5.23001E+00 0.0898
    1.3366E+00   4.42864E+00 0.0976
    1.3463E+00   4.93477E+00 0.0925
    1.3561E+00   5.39872E+00 0.0884
    1.3659E+00   5.01913E+00 0.0917
    1.3756E+00   5.48308E+00 0.0877
    1.3854E+00   4.42864E+00 0.0976
    1.3951E+00   4.47082E+00 0.0971
    1.4049E+00   5.27219E+00 0.0894
    1.4146E+00   5.31437E+00 0.0891
    1.4244E+00   4.30211E+00 0.0990
    1.4341E+00   4.42864E+00 0.0976
    1.4439E+00   4.13340E+00 0.1010
    1.4537E+00   4.89259E+00 0.0928
    1.4634E+00   4.68171E+00 0.0949
    1.4732E+00   5.10348E+00 0.0909
    1.4829E+00   5.23001E+00 0.0898
    1.4927E+00   4.34429E+00 0.0985
    1.5024E+00   4.25993E+00 0.0995
    1.5122E+00   4.30211E+00 0.0990
    1.5220E+00   4.72388E+00 0.0945
    1.5317E+00   4.93477E+00 0.0925
    1.5415E+00   4.13340E+00 0.1010
    1.5512E+00   4.09122E+00 0.1015
    1.5610E+00   4.34429E+00 0.0985
    1.5707E+00   3.62727E+00 0.1078
    1.5805E+00   3.75380E+00 0.1060
    1.5902E+00   4.89259E+00 0.0928
    1.6000E+00   3.88033E+00 0.1043
    1.6098E+00   4.42864E+00 0.0976
    1.6195E+00   4.00687E+00 0.1026
    1.6293E+00   4.55517E+00 0.0962
    1.6390E+00   4.42864E+00 0.0976
    1.6488E+00   4.42864E+00 0.0976
    1.6585E+00   4.63953E+00 0.0953
    1.6683E+00   3.66945E+00 0.1072
    1.6780E+00   4.30211E+00 0.0990
    1.6878E+00   4.63953E+00 0.0953
    1.6976E+00   4.47082E+00 0.0971
    1.7073E+00   5.23001E+00 0.0898
    1.7171E+00   1.18097E+01 0.0598
    1.7268E+00   6.74840E+00 0.0791
    1.7366E+00   4.59735E+00 0.0958
    1.7463E+00   3.92251E+00 0.1037
    1.7561E+00   4.00687E+00 0.1026
    1.7659E+00   4.63953E+00 0.0953
    1.7756E+00   5.06130E+00 0.0913
    1.7854E+00   3.88033E+00 0.1043
    1.7951E+00   4.80824E+00 0.0937
    1.8049E+00   4.09122E+00 0.1015
    1.8146E+00   4.97695E+00 0.0921
    1.8244E+00   4.63953E+00 0.0953
    1.8341E+00   4.17558E+00 0.1005
    1.8439E+00   4.72388E+00 0.0945
    1.8537E+00   3.96469E+00 0.1031
    1.8634E+00   4.21775E+00 0.1000
    1.8732E+00   4.17558E+00 0.1005
    1.8829E+00   3.96469E+00 0.1031
    1.8927E+00   4.51300E+00 0.0967
    1.9024E+00   3.96469E+00 0.1031
    1.9122E+00   4.97695E+00 0.0921
    1.9220E+00   3.96469E+00 0.1031
    1.9317E+00   5.06130E+00 0.0913
    1.9415E+00   5.06130E+00 0.0913
    1.9512E+00   3.88033E+00 0.1043
    1.9610E+00   3.71162E+00 0.1066
    1.9707E+00   4.55517E+00 0.0962
    1.9805E+00   4.97695E+00 0.0921
    1.9902E+00   4.93477E+00 0.0925
    2.0000E+00   3.50073E+00 0.1098
    2.0098E+00   2.99460E+00 0.1187
    2.0195E+00   3.16331E+00 0.1155
    2.0293E+00   3.37420E+00 0.1118
    2.0390E+00   2.61501E+00 0.1270
    2.0488E+00   2.65718E+00 0.1260
    2.0585E+00   2.48847E+00 0.1302
    2.0683E+00   1.98234E+00 0.1459
    2.0780E+00   2.15105E+00 0.1400
    2.0878E+00   2.57283E+00 0.1280
    2.0976E+00   2.53065E+00 0.1291
    2.1073E+00   1.47621E+00 0.1690
    2.1171E+00   2.91025E+00 0.1204
    2.1268E+00   2.23541E+00 0.1374
    2.1366E+00   2.31976E+00 0.1348
    2.1463E+00   2.02452E+00 0.1443
    2.1561E+00   2.61501E+00 0.1270
    2.1659E+00   2.40412E+00 0.1325
    2.1756E+00   2.36194E+00 0.1336
    2.1854E+00   2.23541E+00 0.1374
    2.1951E+00   2.69936E+00 0.1250
    2.2049E+00   2.40412E+00 0.1325
    2.2146E+00   8.56204E+00 0.0702
    2.2244E+00   2.40412E+00 0.1325
    2.2341E+00   7.62148E+01 0.0235
    2.2439E+00   2.10888E+00 0.1414
    2.2537E+00   2.19323E+00 0.1387
    2.2634E+00   1.51839E+00 0.1667
    2.2732E+00   1.56057E+00 0.1644
    2.2829E+00   2.06670E+00 0.1429
    2.2927E+00   1.89799E+00 0.1491
    2.3024E+00   2.31976E+00 0.1348
    2.3122E+00   1.98234E+00 0.1459
    2.3220E+00   1.89799E+00 0.1491
    2.3317E+00   1.60275E+00 0.1622
    2.3415E+00   1.85581E+00 0.1508
    2.3512E+00   1.64492E+00 0.1601
    2.3610E+00   1.39186E+00 0.1741
    2.3707E+00   1.56057E+00 0.1644
    2.3805E+00   1.89799E+00 0.1491
    2.3902E+00   1.68710E+00 0.1581
    2.4000E+00   1.81363E+00 0.1525
    2.4098E+00   1.18097E+00 0.1890
    2.4195E+00   1.81363E+00 0.1525
    2.4293E+00   1.77146E+00 0.1543
    2.4390E+00   1.81363E+00 0.1525
    2.4488E+00   1.56057E+00 0.1644
    2.4585E+00   1.30750E+00 0.1796
    2.4683E+00   1.72928E+00 0.1562
    2.4780E+00   1.77146E+00 0.1543
    2.4878E+00   1.77146E+00 0.1543
    2.4976E+00   1.98234E+00 0.1459
    2.5073E+00   1.64492E+00 0.1601
    2.5171E+00   2.27759E+00 0.1361
    2.5268E+00   2.02452E+00 0.1443
    2.5366E+00   1.09662E+00 0.1961
    2.5463E+00   1.43404E+00 0.1715
    2.5561E+00   1.72928E+00 0.1562
    2.5659E+00   1.51839E+00 0.1667
    2.5756E+00   1.47621E+00 0.1690
    2.5854E+00   1.81363E+00 0.1525
    2.5951E+00   2.02452E+00 0.1443
    2.6049E+00   1.81363E+00 0.1525
    2.6146E+00   1.77146E+00 0.1543
    2.6244E+00   1.64492E+00 0.1601
    2.6341E+00   1.51839E+00 0.1667
    2.6439E+00   1.64492E+00 0.1601
    2.6537E+00   1.51839E+00 0.1667
    2.6634E+00   1.72928E+00 0.1562
    2.6732E+00   1.22315E+00 0.1857
    2.6829E+00   1.34968E+00 0.1768
    2.6927E+00   1.13879E+00 0.1925
    2.7024E+00   1.94017E+00 0.1474
    2.7122E+00   1.85581E+00 0.1508
    2.7220E+00   1.43404E+00 0.1715
    2.7317E+00   1.01226E+00 0.2041
    2.7415E+00   1.89799E+00 0.1491
    2.7512E+00   1.18097E+00 0.1890
    2.7610E+00   1.64492E+00 0.1601
    2.7707E+00   1.34968E+00 0.1768
    2.7805E+00   1.60275E+00 0.1622
    2.7902E+00   1.18097E+00 0.1890
    2.8000E+00   1.22315E+00 0.1857
    2.8098E+00   1.94017E+00 0.1474
    2.8195E+00   1.13879E+00 0.1925
    2.8293E+00   1.47621E+00 0.1690
    2.8390E+00   1.47621E+00 0.1690
    2.8488E+00   1.34968E+00 0.1768
    2.8585E+00   1.56057E+00 0.1644
    2.8683E+00   1.13879E+00 0.1925
    2.8780E+00   1.39186E+00 0.1741
    2.8878E+00   1.39186E+00 0.1741
    2.8976E+00   1.34968E+00 0.1768
    2.9073E+00   1.18097E+00 0.1890
    2.9171E+00   1.26533E+00 0.1826
    2.9268E+00   1.39186E+00 0.1741
    2.9366E+00   1.34968E+00 0.1768
    2.9463E+00   8.43551E-01 0.2236
    2.9561E+00   2.15105E+00 0.1400
    2.9659E+00   1.43404E+00 0.1715
    2.9756E+00   1.22315E+00 0.1857
    2.9854E+00   2.48847E+00 0.1302
    2.9951E+00   1.13879E+00 0.1925
    3.0049E+00   3.96469E+00 0.1031
    3.0146E+00   1.34968E+00 0.1768
    3.0244E+00   1.26533E+00 0.1826
    3.0341E+00   1.72928E+00 0.1562
    3.0439E+00   1.89799E+00 0.1491
    3.0537E+00   1.30750E+00 0.1796
    3.0634E+00   9.70083E-01 0.2085
    3.0732E+00   1.34968E+00 0.1768
    3.0829E+00   1.22315E+00 0.1857
    3.0927E+00   1.39186E+00 0.1741
    3.1024E+00   1.77146E+00 0.1543
    3.1122E+00   1.26533E+00 0.1826
    3.1220E+00   1.09662E+00 0.1961
    3.1317E+00   1.43404E+00 0.1715
    3.1415E+00   1.26533E+00 0.1826
    3.1512E+00   7.17018E-01 0.2425
    3.1610E+00   1.13879E+00 0.1925
    3.1707E+00   1.18097E+00 0.1890
    3.1805E+00   9.27906E-01 0.2132
    3.1902E+00   1.09662E+00 0.1961
    3.2000E+00   9.27906E-01 0.2132
    3.2098E+00   9.70083E-01 0.2085
    3.2195E+00   1.60275E+00 0.1622
    3.2293E+00   9.70083E-01 0.2085
    3.2390E+00   9.27906E-01 0.2132
    3.2488E+00   9.70083E-01 0.2085
    3.2585E+00   1.05444E+00 0.2000
    3.2683E+00   8.43551E-01 0.2236
    3.2780E+00   1.26533E+00 0.1826
    3.2878E+00   1.43404E+00 0.1715
    3.2976E+00   1.01226E+00 0.2041
    3.3073E+00   1.01226E+00 0.2041
    3.3171E+00   1.43404E+00 0.1715
    3.3268E+00   1.05444E+00 0.2000
    3.3366E+00   1.18097E+00 0.1890
    3.3463E+00   8.01373E-01 0.2294
    3.3561E+00   1.01226E+00 0.2041
    3.3659E+00   1.05444E+00 0.2000
    3.3756E+00   1.34968E+00 0.1768
    3.3854E+00   9.27906E-01 0.2132
    3.3951E+00   1.47621E+00 0.1690
    3.4049E+00   1.18097E+00 0.1890
    3.4146E+00   7.59196E-01 0.2357
    3.4244E+00   1.09662E+00 0.1961
    3.4341E+00   8.01373E-01 0.2294
    3.4439E+00   6.32663E-01 0.2582
    3.4537E+00   1.43404E+00 0.1715
    3.4634E+00   8.01373E-01 0.2294
    3.4732E+00   1.39186E+00 0.1741
    3.4829E+00   9.70083E-01 0.2085
    3.4927E+00   9.70083E-01 0.2085
    3.5024E+00   7.17018E-01 0.2425
    3.5122E+00   8.43551E-01 0.2236
    3.5220E+00   1.01226E+00 0.2041
    3.5317E+00   9.70083E-01 0.2085
    3.5415E+00   8.43551E-01 0.2236
    3.5512E+00   8.01373E-01 0.2294
    3.5610E+00   9.70083E-01 0.2085
    3.5707E+00   6.32663E-01 0.2582
    3.5805E+00   8.43551E-01 0.2236
    3.5902E+00   1.13879E+00 0.1925
    3.6000E+00   1.18097E+00 0.1890
    3.6098E+00   8.85728E-01 0.2182
    3.6195E+00   8.43551E-01 0.2236
    3.6293E+00   1.18097E+00 0.1890
    3.6390E+00   8.01373E-01 0.2294
    3.6488E+00   8.01373E-01 0.2294
    3.6585E+00   7.17018E-01 0.2425
    3.6683E+00   7.59196E-01 0.2357
    3.6780E+00   1.34968E+00 0.1768
    3.6878E+00   6.74840E-01 0.2500
    3.6976E+00   1.30750E+00 0.1796
    3.7073E+00   6.74840E-01 0.2500
    3.7171E+00   8.43551E-01 0.2236
    3.7268E+00   7.59196E-01 0.2357
    3.7366E+00   1.05444E+00 0.2000
    3.7463E+00   1.05444E+00 0.2000
    3.7561E+00   9.27906E-01 0.2132
    3.7659E+00   8.43551E-01 0.2236
    3.7756E+00   8.01373E-01 0.2294
    3.7854E+00   8.01373E-01 0.2294
    3.7951E+00   8.01373E-01 0.2294
    3.8049E+00   9.27906E-01 0.2132
    3.8146E+00   8.01373E-01 0.2294
    3.8244E+00   8.43551E-01 0.2236
    3.8341E+00   8.85728E-01 0.2182
    3.8439E+00   1.13879E+00 0.1925
    3.8537E+00   1.01226E+00 0.2041
    3.8634E+00   7.59196E-01 0.2357
    3.8732E+00   8.01373E-01 0.2294
    3.8829E+00   1.34968E+00 0.1768
    3.8927E+00   1.13879E+00 0.1925
    3.9024E+00   9.70083E-01 0.2085
    3.9122E+00   8.43551E-01 0.2236
    3.9220E+00   9.27906E-01 0.2132
    3.9317E+00   8.01373E-01 0.2294
    3.9415E+00   8.43551E-01 0.2236
    3.9512E+00   9.70083E-01 0.2085
    3.9610E+00   1.09662E+00 0.1961
    3.9707E+00   8.01373E-01 0.2294
    3.9805E+00   1.26533E+00 0.1826
    3.9902E+00   8.85728E-01 0.2182
    4.0000E+00   5.90485E-01 0.2673
    4.0098E+00   5.90485E-01 0.2673
    4.0195E+00   3.79598E-01 0.3333
    4.0293E+00   7.59196E-01 0.2357
    4.0390E+00   8.85728E-01 0.2182
    4.0488E+00   5.48308E-01 0.2774
    4.0585E+00   8.43551E-01 0.2236
    4.0683E+00   7.59196E-01 0.2357
    4.0780E+00   7.59196E-01 0.2357
    4.0878E+00   8.01373E-01 0.2294
    4.0976E+00   5.48308E-01 0.2774
    4.1073E+00   6.74840E-01 0.2500
    4.1171E+00   5.90485E-01 0.2673
    4.1268E+00   6.32663E-01 0.2582
    4.1366E+00   1.18097E+00 0.1890
    4.1463E+00   4.21775E-01 0.3162
    4.1561E+00   1.05444E+00 0.2000
    4.1659E+00   6.32663E-01 0.2582
    4.1756E+00   5.48308E-01 0.2774
    4.1854E+00   6.74840E-01 0.2500
    4.1951E+00   8.01373E-01 0.2294
    4.2049E+00   5.90485E-01 0.2673
    4.2146E+00   9.70083E-01 0.2085
    4.2244E+00   1.05444E+00 0.2000
    4.2341E+00   6.32663E-01 0.2582
    4.2439E+00   4.63953E-01 0.3015
    4.2537E+00   6.32663E-01 0.2582
    4.2634E+00   8.01373E-01 0.2294
    4.2732E+00   4.21775E-01 0.3162
    4.2829E+00   5.48308E-01 0.2774
    4.2927E+00   8.01373E-01 0.2294
    4.3024E+00   7.17018E-01 0.2425
    4.3122E+00   6.32663E-01 0.2582
    4.3220E+00   5.06130E-01 0.2887
    4.3317E+00   6.74840E-01 0.2500
    4.3415E+00   8.01373E-01 0.2294
    4.3512E+00   2.95243E-01 0.3780
    4.3610E+00   3.79598E-01 0.3333
    4.3707E+00   3.79598E-01 0.3333
    4.3805E+00   5.90485E-01 0.2673
    4.3902E+00   8.01373E-01 0.2294
    4.4000E+00   9.27906E-01 0.2132
    4.4098E+00   4.63953E-01 0.3015
    4.4195E+00   8.85728E-01 0.2182
    4.4293E+00   7.17018E-01 0.2425
    4.4390E+00   6.32663E-01 0.2582
    4.4488E+00   4.21775E-01 0.3162
    4.4585E+00   8.01373E-01 0.2294
    4.4683E+00   8.43551E-01 0.2236
    4.4780E+00   5.06130E-01 0.2887
    4.4878E+00   8.01373E-01 0.2294
    4.4976E+00   5.06130E-01 0.2887
    4.5073E+00   5.06130E-01 0.2887
    4.5171E+00   6.74840E-01 0.2500
    4.5268E+00   4.21775E-01 0.3162
    4.5366E+00   5.48308E-01 0.2774
    4.5463E+00   5.48308E-01 0.2774
    4.5561E+00   5.06130E-01 0.2887
    4.5659E+00   5.06130E-01 0.2887
    4.5756E+00   5.48308E-01 0.2774
    4.5854E+00   8.01373E-01 0.2294
    4.5951E+00   4.63953E-01 0.3015
    4.6049E+00   5.48308E-01 0.2774
    4.6146E+00   7.59196E-01 0.2357
    4.6244E+00   4.63953E-01 0.3015
    4.6341E+00   3.79598E-01 0.3333
    4.6439E+00   5.90485E-01 0.2673
    4.6537E+00   4.21775E-01 0.3162
    4.6634E+00   5.48308E-01 0.2774
    4.6732E+00   4.63953E-01 0.3015
    4.6829E+00   5.48308E-01 0.2774
    4.6927E+00   6.74840E-01 0.2500
    4.7024E+00   4.63953E-01 0.3015
    4.7122E+00   4.21775E-01 0.3162
    4.7220E+00   4.63953E-01 0.3015
    4.7317E+00   2.95243E-01 0.3780
    4.7415E+00   5.90485E-01 0.2673
    4.7512E+00   3.79598E-01 0.3333
    4.7610E+00   6.74840E-01 0.2500
    4.7707E+00   3.79598E-01 0.3333
    4.7805E+00   5.90485E-01 0.2673
    4.7902E+00   4.63953E-01 0.3015
    4.8000E+00   6.32663E-01 0.2582
    4.8098E+00   3.37420E-01 0.3536
    4.8195E+00   3.37420E-01 0.3536
    4.8293E+00   3.37420E-01 0.3536
    4.8390E+00   4.63953E-01 0.3015
    4.8488E+00   3.79598E-01 0.3333
    4.8585E+00   4.21775E-01 0.3162
    4.8683E+00   2.53065E-01 0.4082
    4.8780E+00   2.95243E-01 0.3780
    4.8878E+00   3.37420E-01 0.3536
    4.8976E+00   5.48308E-01 0.2774
    4.9073E+00   8.85728E-01 0.2182
    4.9171E+00   4.21775E-01 0.3162
    4.9268E+00   2.53065E-01 0.4082
    4.9366E+00   5.48308E-01 0.2774
    4.9463E+00   6.32663E-01 0.2582
    4.9561E+00   2.95243E-01 0.3780
    4.9659E+00   7.59196E-01 0.2357
    4.9756E+00   3.79598E-01 0.3333
    4.9854E+00   5.48308E-01 0.2774
    4.9951E+00   4.21775E-01 0.3162
    5.0049E+00   6.32663E-01 0.2582
    5.0146E+00   4.21775E-01 0.3162
    5.0244E+00   2.10888E-01 0.4472
    5.0341E+00   5.48308E-01 0.2774
    5.0439E+00   5.90485E-01 0.2673
    5.0537E+00   6.74840E-01 0.2500
    5.0634E+00   2.53065E-01 0.4082
    5.0732E+00   5.06130E-01 0.2887
    5.0829E+00   3.37420E-01 0.3536
    5.0927E+00   5.48308E-01 0.2774
    5.1024E+00   1.68710E-01 0.5000
    5.1122E+00   7.59196E-01 0.2357
    5.1220E+00   6.32663E-01 0.2582
    5.1317E+00   4.21775E-01 0.3162
    5.1415E+00   2.95243E-01 0.3780
    5.1512E+00   1.68710E-01 0.5000
    5.1610E+00   5.48308E-01 0.2774
    5.1707E+00   3.37420E-01 0.3536
    5.1805E+00   4.21775E-01 0.3162
    5.1902E+00   2.95243E-01 0.3780
    5.2000E+00   3.37420E-01 0.3536
    5.2098E+00   2.53065E-01 0.4082
    5.2195E+00   3.79598E-01 0.3333
    5.2293E+00   5.90485E-01 0.2673
    5.2390E+00   3.37420E-01 0.3536
    5.2488E+00   5.48308E-01 0.2774
    5.2585E+00   3.37420E-01 0.3536
    5.2683E+00   2.10888E-01 0.4472
    5.2780E+00   2.10888E-01 0.4472
    5.2878E+00   6.32663E-01 0.2582
    5.2976E+00   5.06130E-01 0.2887
    5.3073E+00   3.37420E-01 0.3536
    5.3171E+00   5.06130E-01 0.2887
    5.3268E+00   2.10888E-01 0.4472
    5.3366E+00   5.06130E-01 0.2887
    5.3463E+00   6.32663E-01 0.2582
    5.3561E+00   2.53065E-01 0.4082
    5.3659E+00   4.21775E-01 0.3162
    5.3756E+00   6.32663E-01 0.2582
    5.3854E+00   3.79598E-01 0.3333
    5.3951E+00   3.79598E-01 0.3333
    5.4049E+00   5.48308E-01 0.2774
    5.4146E+00   6.32663E-01 0.2582
    5.4244E+00   6.32663E-01 0.2582
    5.4341E+00   4.21775E-01 0.3162
    5.4439E+00   2.95243E-01 0.3780
    5.4537E+00   8.43551E-02 0.7071
    5.4634E+00   4.21775E-01 0.3162
    5.4732E+00   3.37420E-01 0.3536
    5.4829E+00   3.37420E-01 0.3536
    5.4927E+00   3.37420E-01 0.3536
    5.5024E+00   4.21775E-01 0.3162
    5.5122E+00   3.37420E-01 0.3536
    5.5220E+00   4.63953E-01 0.3015
    5.5317E+00   3.37420E-01 0.3536
    5.5415E+00   4.63953E-01 0.3015
    5.5512E+00   2.53065E-01 0.4082
    5.5610E+00   5.06130E-01 0.2887
    5.5707E+00   3.37420E-01 0.3536
    5.5805E+00   1.26533E-01 0.5774
    5.5902E+00   5.06130E-01 0.2887
    5.6000E+00   2.95243E-01 0.3780
    5.6098E+00   2.53065E-01 0.4082
    5.6195E+00   5.06130E-01 0.2887
    5.6293E+00   3.37420E-01 0.3536
    5.6390E+00   3.79598E-01 0.3333
    5.6488E+00   4.21775E-01 0.3162
    5.6585E+00   3.79598E-01 0.3333
    5.6683E+00   5.06130E-01 0.2887
    5.6780E+00   2.95243E-01 0.3780
    5.6878E+00   3.79598E-01 0.3333
    5.6976E+00   4.63953E-01 0.3015
    5.7073E+00   4.21775E-01 0.3162
    5.7171E+00   3.37420E-01 0.3536
    5.7268E+00   4.21775E-01 0.3162
    5.7366E+00   3.79598E-01 0.3333
    5.7463E+00   4.63953E-01 0.3015
    5.7561E+00   1.68710E-01 0.5000
    5.7659E+00   2.95243E-01 0.3780
    5.7756E+00   1.68710E-01 0.5000
    5.7854E+00   2.53065E-01 0.4082
    5.7951E+00   2.53065E-01 0.4082
    5.8049E+00   2.53065E-01 0.4082
    5.8146E+00   3.79598E-01 0.3333
    5.8244E+00   3.37420E-01 0.3536
    5.8341E+00   2.53065E-01 0.4082
    5.8439E+00   1.68710E-01 0.5000
    5.8537E+00   1.68710E-01 0.5000
    5.8634E+00   5.90485E-01 0.2673
    5.8732E+00   1.26533E-01 0.5774
    5.8829E+00   1.26533E-01 0.5774
    5.8927E+00   5.06130E-01 0.2887
    5.9024E+00   3.37420E-01 0.3536
    5.9122E+00   8.43551E-02 0.7071
    5.9220E+00   2.10888E-01 0.4472
    5.9317E+00   3.37420E-01 0.3536
    5.9415E+00   4.21775E-01 0.3162
    5.9512E+00   4.21775E-01 0.3162
    5.9610E+00   5.06130E-01 0.2887
    5.9707E+00   2.10888E-01 0.4472
    5.9805E+00   4.21775E-01 0.3162
    5.9902E+00   2.95243E-01 0.3780
    6.0000E+00   2.95243E-01 0.3780
    6.0098E+00   3.37420E-01 0.3536
    6.0195E+00   1.26533E-01 0.5774
    6.0293E+00   2.95243E-01 0.3780
    6.0390E+00   2.10888E-01 0.4472
    6.0488E+00   4.21775E-01 0.3162
    6.0585E+00   2.53065E-01 0.4082
    6.0683E+00   8.43551E-02 0.7071
    6.0780E+00   1.68710E-01 0.5000
    6.0878E+00   3.37420E-01 0.3536
    6.0976E+00   2.95243E-01 0.3780
    6.1073E+00   3.79598E-01 0.3333
    6.1171E+00   3.79598E-01 0.3333
    6.1268E+00   4.63953E-01 0.3015
    6.1366E+00   8.43551E-02 0.7071
    6.1463E+00   2.10888E-01 0.4472
    6.1561E+00   0.00000E+00 0.0000
    6.1659E+00   2.95243E-01 0.3780
    6.1756E+00   2.53065E-01 0.4082
    6.1854E+00   4.63953E-01 0.3015
    6.1951E+00   2.95243E-01 0.3780
    6.2049E+00   2.53065E-01 0.4082
    6.2146E+00   2.95243E-01 0.3780
    6.2244E+00   2.53065E-01 0.4082
    6.2341E+00   3.79598E-01 0.3333
    6.2439E+00   2.95243E-01 0.3780
    6.2537E+00   6.32663E-01 0.2582
    6.2634E+00   2.95243E-01 0.3780
    6.2732E+00   3.37420E-01 0.3536
    6.2829E+00   2.10888E-01 0.4472
    6.2927E+00   1.68710E-01 0.5000
    6.3024E+00   1.26533E-01 0.5774
    6.3122E+00   2.53065E-01 0.4082
    6.3220E+00   3.79598E-01 0.3333
    6.3317E+00   8.43551E-02 0.7071
    6.3415E+00   1.26533E-01 0.5774
    6.3512E+00   1.68710E-01 0.5000
    6.3610E+00   1.68710E-01 0.5000
    6.3707E+00   1.68710E-01 0.5000
    6.3805E+00   2.10888E-01 0.4472
    6.3902E+00   3.37420E-01 0.3536
    6.4000E+00   5.06130E-01 0.2887
    6.4098E+00   1.26533E-01 0.5774
    6.4195E+00   3.37420E-01 0.3536
    6.4293E+00   4.21775E-02 1.0000
    6.4390E+00   2.10888E-01 0.4472
    6.4488E+00   8.43551E-02 0.7071
    6.4585E+00   3.37420E-01 0.3536
    6.4683E+00   1.26533E-01 0.5774
    6.4780E+00   2.10888E-01 0.4472
    6.4878E+00   8.43551E-02 0.7071
    6.4976E+00   2.10888E-01 0.4472
    6.5073E+00   2.10888E-01 0.4472
    6.5171E+00   8.43551E-02 0.7071
    6.5268E+00   2.10888E-01 0.4472
    6.5366E+00   2.10888E-01 0.4472
    6.5463E+00   3.79598E-01 0.3333
    6.5561E+00   1.68710E-01 0.5000
    6.5659E+00   2.10888E-01 0.4472
    6.5756E+00   1.26533E-01 0.5774
    6.5854E+00   2.10888E-01 0.4472
    6.5951E+00   1.26533E-01 0.5774
    6.6049E+00   2.10888E-01 0.4472
    6.6146E+00   1.68710E-01 0.5000
    6.6244E+00   2.53065E-01 0.4082
    6.6341E+00   2.10888E-01 0.4472
    6.6439E+00   1.26533E-01 0.5774
    6.6537E+00   1.26533E-01 0.5774
    6.6634E+00   4.21775E-02 1.0000
    6.6732E+00   1.68710E-01 0.5000
    6.6829E+00   2.53065E-01 0.4082
    6.6927E+00   2.53065E-01 0.4082
    6.7024E+00   1.68710E-01 0.5000
    6.7122E+00   6.74840E-01 0.2500
    6.7220E+00   1.68710E-01 0.5000
    6.7317E+00   1.68710E-01 0.5000
    6.7415E+00   2.10888E-01 0.4472
    6.7512E+00   1.68710E-01 0.5000
    6.7610E+00   2.53065E-01 0.4082
    6.7707E+00   1.26533E-01 0.5774
    6.7805E+00   8.43551E-02 0.7071
    6.7902E+00   1.26533E-01 0.5774
    6.8000E+00   4.21775E-02 1.0000
    6.8098E+00   2.10888E-01 0.4472
    6.8195E+00   2.10888E-01 0.4472
    6.8293E+00   1.68710E-01 0.5000
    6.8390E+00   2.10888E-01 0.4472
    6.8488E+00   2.95243E-01 0.3780
    6.8585E+00   1.68710E-01 0.5000
    6.8683E+00   2.53065E-01 0.4082
    6.8780E+00   2.10888E-01 0.4472
    6.8878E+00   2.95243E-01 0.3780
    6.8976E+00   1.68710E-01 0.5000
    6.9073E+00   2.53065E-01 0.4082
    6.9171E+00   2.10888E-01 0.4472
    6.9268E+00   4.21775E-02 1.0000
    6.9366E+00   2.10888E-01 0.4472
    6.9463E+00   2.95243E-01 0.3780
    6.9561E+00   2.10888E-01 0.4472
    6.9659E+00   1.68710E-01 0.5000
    6.9756E+00   8.43551E-02 0.7071
    6.9854E+00   2.10888E-01 0.4472
    6.9951E+00   4.21775E-02 1.0000
    7.0049E+00   2.95243E-01 0.3780
    7.0146E+00   8.43551E-02 0.7071
    7.0244E+00   8.43551E-02 0.7071
    7.0341E+00   1.68710E-01 0.5000
    7.0439E+00   1.68710E-01 0.5000
    7.0537E+00   4.21775E-02 1.0000
    7.0634E+00   1.68710E-01 0.5000
    7.0732E+00   8.43551E-02 0.7071
    7.0829E+00   2.10888E-01 0.4472
    7.0927E+00   1.68710E-01 0.5000
    7.1024E+00   8.43551E-02 0.7071
    7.1122E+00   4.21775E-02 1.0000
    7.1220E+00   8.43551E-02 0.7071
    7.1317E+00   2.10888E-01 0.4472
    7.1415E+00   1.68710E-01 0.5000
    7.1512E+00   2.10888E-01 0.4472
    7.1610E+00   8.43551E-02 0.7071
    7.1707E+00   4.21775E-02 1.0000
    7.1805E+00   4.21775E-02 1.0000
    7.1902E+00   2.53065E-01 0.4082
    7.2000E+00   1.68710E-01 0.5000
    7.2098E+00   1.68710E-01 0.5000
    7.2195E+00   1.47621E+00 0.1690
    7.2293E+00   1.68710E-01 0.5000
    7.2390E+00   8.43551E-02 0.7071
    7.2488E+00   2.10888E-01 0.4472
    7.2585E+00   0.00000E+00 0.0000
    7.2683E+00   4.21775E-02 1.0000
    7.2780E+00   4.21775E-02 1.0000
    7.2878E+00   1.68710E-01 0.5000
    7.2976E+00   1.26533E-01 0.5774
    7.3073E+00   3.37420E-01 0.3536
    7.3171E+00   4.21775E-02 1.0000
    7.3268E+00   4.21775E-02 1.0000
    7.3366E+00   1.26533E-01 0.5774
    7.3463E+00   1.68710E-01 0.5000
    7.3561E+00   8.43551E-02 0.7071
    7.3659E+00   4.21775E-02 1.0000
    7.3756E+00   4.21775E-02 1.0000
    7.3854E+00   1.26533E-01 0.5774
    7.3951E+00   1.68710E-01 0.5000
    7.4049E+00   0.00000E+00 0.0000
    7.4146E+00   2.10888E-01 0.4472
    7.4244E+00   2.53065E-01 0.4082
    7.4341E+00   4.21775E-02 1.0000
    7.4439E+00   4.21775E-02 1.0000
    7.4537E+00   1.68710E-01 0.5000
    7.4634E+00   1.26533E-01 0.5774
    7.4732E+00   1.26533E-01 0.5774
    7.4829E+00   2.10888E-01 0.4472
    7.4927E+00   8.43551E-02 0.7071
    7.5024E+00   1.26533E-01 0.5774
    7.5122E+00   0.00000E+00 0.0000
    7.5220E+00   1.68710E-01 0.5000
    7.5317E+00   1.26533E-01 0.5774
    7.5415E+00   8.43551E-02 0.7071
    7.5512E+00   1.26533E-01 0.5774
    7.5610E+00   1.26533E-01 0.5774
    7.5707E+00   1.26533E-01 0.5774
    7.5805E+00   1.26533E-01 0.5774
    7.5902E+00   0.00000E+00 0.0000
    7.6000E+00   1.68710E-01 0.5000
    7.6098E+00   4.21775E-02 1.0000
    7.6195E+00   4.21775E-02 1.0000
    7.6293E+00   0.00000E+00 0.0000
    7.6390E+00   1.68710E-01 0.5000
    7.6488E+00   1.68710E-01 0.5000
    7.6585E+00   0.00000E+00 0.0000
    7.6683E+00   4.21775E-02 1.0000
    7.6780E+00   1.68710E-01 0.5000
    7.6878E+00   4.21775E-02 1.0000
    7.6976E+00   2.95243E-01 0.3780
    7.7073E+00   0.00000E+00 0.0000
    7.7171E+00   0.00000E+00 0.0000
    7.7268E+00   9.27906E-01 0.2132
    7.7366E+00   4.21775E-02 1.0000
    7.7463E+00   0.00000E+00 0.0000
    7.7561E+00   1.26533E-01 0.5774
    7.7659E+00   8.43551E-02 0.7071
    7.7756E+00   0.00000E+00 0.0000
    7.7854E+00   4.21775E-02 1.0000
    7.7951E+00   4.21775E-02 1.0000
    7.8049E+00   0.00000E+00 0.0000
    7.8146E+00   2.53065E-01 0.4082
    7.8244E+00   0.00000E+00 0.0000
    7.8341E+00   4.21775E-02 1.0000
    7.8439E+00   8.43551E-02 0.7071
    7.8537E+00   4.21775E-02 1.0000
    7.8634E+00   4.21775E-02 1.0000
    7.8732E+00   1.26533E-01 0.5774
    7.8829E+00   4.21775E-02 1.0000
    7.8927E+00   8.43551E-02 0.7071
    7.9024E+00   4.21775E-02 1.0000
    7.9122E+00   1.26533E-01 0.5774
    7.9220E+00   1.68710E-01 0.5000
    7.9317E+00   8.43551E-02 0.7071
    7.9415E+00   8.43551E-02 0.7071
    7.9512E+00   4.21775E-02 1.0000
    7.9610E+00   1.26533E-01 0.5774
    7.9707E+00   4.21775E-02 1.0000
    7.9805E+00   0.00000E+00 0.0000
    7.9902E+00   0.00000E+00 0.0000
    8.0000E+00   8.43551E-02 0.7071
    8.0098E+00   8.43551E-02 0.7071
    8.0195E+00   8.43551E-02 0.7071
    8.0293E+00   4.21775E-02 1.0000
    8.0390E+00   0.00000E+00 0.0000
    8.0488E+00   8.43551E-02 0.7071
    8.0585E+00   4.21775E-02 1.0000
    8.0683E+00   0.00000E+00 0.0000
    8.0780E+00   8.43551E-02 0.7071
    8.0878E+00   0.00000E+00 0.0000
    8.0976E+00   8.43551E-02 0.7071
    8.1073E+00   0.00000E+00 0.0000
    8.1171E+00   4.21775E-02 1.0000
    8.1268E+00   0.00000E+00 0.0000
    8.1366E+00   8.43551E-02 0.7071
    8.1463E+00   1.26533E-01 0.5774
    8.1561E+00   4.21775E-02 1.0000
    8.1659E+00   1.26533E-01 0.5774
    8.1756E+00   4.21775E-02 1.0000
    8.1854E+00   0.00000E+00 0.0000
    8.1951E+00   8.43551E-02 0.7071
    8.2049E+00   0.00000E+00 0.0000
    8.2146E+00   4.21775E-02 1.0000
    8.2244E+00   8.43551E-02 0.7071
    8.2341E+00   0.00000E+00 0.0000
    8.2439E+00   0.00000E+00 0.0000
    8.2537E+00   4.21775E-02 1.0000
    8.2634E+00   0.00000E+00 0.0000
    8.2732E+00   0.00000E+00 0.0000
    8.2829E+00   4.21775E-02 1.0000
    8.2927E+00   4.21775E-02 1.0000
    8.3024E+00   4.21775E-02 1.0000
    8.3122E+00   4.21775E-02 1.0000
    8.3220E+00   8.43551E-02 0.7071
    8.3317E+00   4.21775E-02 1.0000
    8.3415E+00   4.21775E-02 1.0000
    8.3512E+00   4.21775E-02 1.0000
    8.3610E+00   8.43551E-02 0.7071
    8.3707E+00   4.21775E-02 1.0000
    8.3805E+00   4.21775E-02 1.0000
    8.3902E+00   8.43551E-02 0.7071
    8.4000E+00   8.43551E-02 0.7071
    8.4098E+00   8.43551E-02 0.7071
    8.4195E+00   4.21775E-02 1.0000
    8.4293E+00   4.21775E-02 1.0000
    8.4390E+00   0.00000E+00 0.0000
    8.4488E+00   4.21775E-02 1.0000
    8.4585E+00   0.00000E+00 0.0000
    8.4683E+00   4.21775E-02 1.0000
    8.4780E+00   4.21775E-02 1.0000
    8.4878E+00   0.00000E+00 0.0000
    8.4976E+00   0.00000E+00 0.0000
    8.5073E+00   4.21775E-02 1.0000
    8.5171E+00   4.21775E-02 1.0000
    8.5268E+00   0.00000E+00 0.0000
    8.5366E+00   4.21775E-02 1.0000
    8.5463E+00   4.21775E-02 1.0000
    8.5561E+00   8.43551E-02 0.7071
    8.5659E+00   0.00000E+00 0.0000
    8.5756E+00   8.43551E-02 0.7071
    8.5854E+00   4.21775E-02 1.0000
    8.5951E+00   4.21775E-02 1.0000
    8.6049E+00   4.21775E-02 1.0000
    8.6146E+00   4.21775E-02 1.0000
    8.6244E+00   4.21775E-02 1.0000
    8.6341E+00   4.21775E-02 1.0000
    8.6439E+00   8.43551E-02 0.7071
    8.6537E+00   4.21775E-02 1.0000
    8.6634E+00   4.21775E-02 1.0000
    8.6732E+00   0.00000E+00 0.0000
    8.6829E+00   1.26533E-01 0.5774
    8.6927E+00   0.00000E+00 0.0000
    8.7024E+00   4.21775E-02 1.0000
    8.7122E+00   0.00000E+00 0.0000
    8.7220E+00   8.43551E-02 0.7071
    8.7317E+00   0.00000E+00 0.0000
    8.7415E+00   4.21775E-02 1.0000
    8.7512E+00   8.43551E-02 0.7071
    8.7610E+00   0.00000E+00 0.0000
    8.7707E+00   4.21775E-02 1.0000
    8.7805E+00   4.21775E-02 1.0000
    8.7902E+00   8.43551E-02 0.7071
    8.8000E+00   0.00000E+00 0.0000
    8.8098E+00   0.00000E+00 0.0000
    8.8195E+00   8.43551E-02 0.7071
    8.8293E+00   0.00000E+00 0.0000
    8.8390E+00   1.26533E-01 0.5774
    8.8488E+00   4.21775E-02 1.0000
    8.8585E+00   4.21775E-02 1.0000
    8.8683E+00   0.00000E+00 0.0000
    8.8780E+00   0.00000E+00 0.0000
    8.8878E+00   0.00000E+00 0.0000
    8.8976E+00   4.21775E-02 1.0000
    8.9073E+00   0.00000E+00 0.0000
    8.9171E+00   4.21775E-02 1.0000
    8.9268E+00   0.00000E+00 0.0000
    8.9366E+00   0.00000E+00 0.0000
    8.9463E+00   4.21775E-02 1.0000
    8.9561E+00   0.00000E+00 0.0000
    8.9659E+00   4.21775E-02 1.0000
    8.9756E+00   0.00000E+00 0.0000
    8.9854E+00   0.00000E+00 0.0000
    8.9951E+00   0.00000E+00 0.0000
    9.0049E+00   4.21775E-02 1.0000
    9.0146E+00   0.00000E+00 0.0000
    9.0244E+00   0.00000E+00 0.0000
    9.0341E+00   8.43551E-02 0.7071
    9.0439E+00   4.21775E-02 1.0000
    9.0537E+00   0.00000E+00 0.0000
    9.0634E+00   8.43551E-02 0.7071
    9.0732E+00   0.00000E+00 0.0000
    9.0829E+00   0.00000E+00 0.0000
    9.0927E+00   8.43551E-02 0.7071
    9.1024E+00   0.00000E+00 0.0000
    9.1122E+00   4.21775E-02 1.0000
    9.1220E+00   0.00000E+00 0.0000
    9.1317E+00   4.21775E-02 1.0000
    9.1415E+00   4.21775E-02 1.0000
    9.1512E+00   0.00000E+00 0.0000
    9.1610E+00   4.21775E-02 1.0000
    9.1707E+00   4.21775E-02 1.0000
    9.1805E+00   0.00000E+00 0.0000
    9.1902E+00   0.00000E+00 0.0000
    9.2000E+00   4.21775E-02 1.0000
    9.2098E+00   0.00000E+00 0.0000
    9.2195E+00   1.26533E-01 0.5774
    9.2293E+00   0.00000E+00 0.0000
    9.2390E+00   0.00000E+00 0.0000
    9.2488E+00   0.00000E+00 0.0000
    9.2585E+00   4.21775E-02 1.0000
    9.2683E+00   4.21775E-02 1.0000
    9.2780E+00   0.00000E+00 0.0000
    9.2878E+00   0.00000E+00 0.0000
    9.2976E+00   4.21775E-02 1.0000
    9.3073E+00   0.00000E+00 0.0000
    9.3171E+00   0.00000E+00 0.0000
    9.3268E+00   0.00000E+00 0.0000
    9.3366E+00   0.00000E+00 0.0000
    9.3463E+00   0.00000E+00 0.0000
    9.3561E+00   0.00000E+00 0.0000
    9.3659E+00   8.43551E-02 0.7071
    9.3756E+00   0.00000E+00 0.0000
    9.3854E+00   4.21775E-02 1.0000
    9.3951E+00   4.21775E-02 1.0000
    9.4049E+00   0.00000E+00 0.0000
    9.4146E+00   4.21775E-02 1.0000
    9.4244E+00   8.43551E-02 0.7071
    9.4341E+00   4.21775E-02 1.0000
    9.4439E+00   4.21775E-02 1.0000
    9.4537E+00   0.00000E+00 0.0000
    9.4634E+00   8.43551E-02 0.7071
    9.4732E+00   0.00000E+00 0.0000
    9.4829E+00   0.00000E+00 0.0000
    9.4927E+00   4.21775E-02 1.0000
    9.5024E+00   0.00000E+00 0.0000
    9.5122E+00   0.00000E+00 0.0000
    9.5220E+00   4.21775E-02 1.0000
    9.5317E+00   0.00000E+00 0.0000
    9.5415E+00   0.00000E+00 0.0000
    9.5512E+00   0.00000E+00 0.0000
    9.5610E+00   0.00000E+00 0.0000
    9.5707E+00   0.00000E+00 0.0000
    9.5805E+00   0.00000E+00 0.0000
    9.5902E+00   4.21775E-02 1.0000
    9.6000E+00   4.21775E-02 1.0000
    9.6098E+00   0.00000E+00 0.0000
    9.6195E+00   0.00000E+00 0.0000
    9.6293E+00   4.21775E-02 1.0000
    9.6390E+00   4.21775E-02 1.0000
    9.6488E+00   0.00000E+00 0.0000
    9.6585E+00   0.00000E+00 0.0000
    9.6683E+00   0.00000E+00 0.0000
    9.6780E+00   4.21775E-02 1.0000
    9.6878E+00   0.00000E+00 0.0000
    9.6976E+00   0.00000E+00 0.0000
    9.7073E+00   0.00000E+00 0.0000
    9.7171E+00   4.21775E-02 1.0000
    9.7268E+00   4.21775E-02 1.0000
    9.7366E+00   4.21775E-02 1.0000
    9.7463E+00   0.00000E+00 0.0000
    9.7561E+00   0.00000E+00 0.0000
    9.7659E+00   0.00000E+00 0.0000
    9.7756E+00   8.43551E-02 0.7071
    9.7854E+00   8.43551E-02 0.7071
    9.7951E+00   0.00000E+00 0.0000
    9.8049E+00   4.21775E-02 1.0000
    9.8146E+00   0.00000E+00 0.0000
    9.8244E+00   0.00000E+00 0.0000
    9.8341E+00   0.00000E+00 0.0000
    9.8439E+00   4.21775E-02 1.0000
    9.8537E+00   4.21775E-02 1.0000
    9.8634E+00   0.00000E+00 0.0000
    9.8732E+00   0.00000E+00 0.0000
    9.8829E+00   0.00000E+00 0.0000
    9.8927E+00   4.21775E-02 1.0000
    9.9024E+00   0.00000E+00 0.0000
    9.9122E+00   0.00000E+00 0.0000
    9.9220E+00   4.21775E-02 1.0000
    9.9317E+00   0.00000E+00 0.0000
    9.9415E+00   0.00000E+00 0.0000
    9.9512E+00   8.43551E-02 0.7071
    9.9610E+00   0.00000E+00 0.0000
    9.9707E+00   0.00000E+00 0.0000
    9.9805E+00   4.21775E-02 1.0000
    9.9902E+00   4.21775E-02 1.0000
    1.0000E+01   4.21775E-02 1.0000