 0.0000E+00   4.21775E-02 1.0000
    9.7561E-03   3.26585E+03 0.0036
    1.9512E-02   1.89251E+02 0.0149
    2.9268E-02   2.19914E+02 0.0138
    3.9024E-02   2.45811E+02 0.0131
    4.8780E-02   3.34721E+02 0.0112
    5.8537E-02   7.73662E+02 0.0074
    6.8293E-02   6.13346E+02 0.0083
    7.8049E-02   6.33970E+02 0.0082
    8.7805E-02   6.37766E+02 0.0081
    9.7561E-02   6.00777E+02 0.0084
    1.0732E-01   5.48603E+02 0.0088
    1.1707E-01   5.16675E+02 0.0090
    1.2683E-01   4.73949E+02 0.0094
    1.3659E-01   4.34344E+02 0.0099
    1.4634E-01   4.07772E+02 0.0102
    1.5610E-01   3.23249E+02 0.0114
    1.6585E-01   2.89000E+02 0.0121
    1.7561E-01   2.94694E+02 0.0120
    1.8537E-01   2.62597E+02 0.0127
    1.9512E-01   2.30838E+02 0.0135
    2.0488E-01   2.67785E+02 0.0125
    2.1463E-01   1.99837E+02 0.0145
    2.2439E-01   1.81701E+02 0.0152
    2.3415E-01   1.66348E+02 0.0159
    2.4390E-01   1.52640E+02 0.0166
    2.5366E-01   1.46736E+02 0.0170
    2.6341E-01   1.42855E+02 0.0172
    2.7317E-01   1.20417E+02 0.0187
    2.8293E-01   1.15271E+02 0.0191
    2.9268E-01   1.06878E+02 0.0199
    3.0244E-01   1.02323E+02 0.0203
    3.1220E-01   9.79784E+01 0.0207
    3.2195E-01   9.03443E+01 0.0216
    3.3171E-01   8.69279E+01 0.0220
    3.4146E-01   8.06434E+01 0.0229
    3.5122E-01   7.62148E+01 0.0235
    3.6098E-01   7.41481E+01 0.0239
    3.7073E-01   6.83276E+01 0.0248
    3.8049E-01   6.95929E+01 0.0246
    3.9024E-01   6.71888E+01 0.0251
    4.0000E-01   6.76528E+01 0.0250
    4.0976E-01   6.50799E+01 0.0255
    4.1951E-01   9.03443E+01 0.0216
    4.2927E-01   7.19970E+01 0.0242
    4.3902E-01   6.82432E+01 0.0249
    4.4878E-01   1.80267E+02 0.0153
    4.5854E-01   5.99343E+01 0.0265
    4.6829E-01   5.35655E+01 0.0281
    4.7805E-01   3.55430E+02 0.0109
    4.8780E-01   3.35733E+01 0.0354
    4.9756E-01   3.22658E+01 0.0362
    5.0732E-01   3.20971E+01 0.0362
    5.1707E-01   4.29367E+01 0.0313
    5.2683E-01   2.43786E+01 0.0416
    5.3659E-01   2.43786E+01 0.0416
    5.4634E-01   2.34085E+01 0.0424
    5.5610E-01   2.17214E+01 0.0441
    5.6585E-01   2.34085E+01 0.0424
    5.7561E-01   2.15527E+01 0.0442
    5.8537E-01   2.09201E+01 0.0449
    5.9512E-01   2.59392E+01 0.0403
    6.0488E-01   2.15527E+01 0.0442
    6.1463E-01   1.99078E+01 0.0460
    6.2439E-01   2.60657E+01 0.0402
    6.3415E-01   2.67827E+01 0.0397
    6.4390E-01   1.73350E+01 0.0493
    6.5366E-01   1.89799E+01 0.0471
    6.6341E-01   1.80942E+01 0.0483
    6.7317E-01   1.57322E+01 0.0518
    6.8293E-01   1.75459E+01 0.0490
    6.9268E-01   1.81785E+01 0.0482
    7.0244E-01   1.56057E+01 0.0520
    7.1220E-01   1.72928E+01 0.0494
    7.2195E-01   1.67023E+01 0.0503
    7.3171E-01   1.42982E+01 0.0543
    7.4146E-01   1.72084E+01 0.0495
    7.5122E-01   2.01609E+01 0.0457
    7.6098E-01   1.48887E+01 0.0532
    7.7073E-01   1.44247E+01 0.0541
    7.8049E-01   1.50574E+01 0.0529
    7.9024E-01   1.42982E+01 0.0543
    8.0000E-01   1.45934E+01 0.0538
    8.0976E-01   1.50574E+01 0.0529
    8.1951E-01   1.26111E+01 0.0578
    8.2927E-01   1.41295E+01 0.0546
    8.3902E-01   1.36233E+01 0.0556
    8.4878E-01   2.31555E+01 0.0427
    8.5854E-01   1.36655E+01 0.0556
    8.6829E-01   1.17675E+01 0.0599
    8.7805E-01   2.25228E+01 0.0433
    8.8780E-01   1.29907E+01 0.0570
    8.9756E-01   1.25689E+01 0.0579
    9.0732E-01   1.22737E+01 0.0586
    9.1707E-01   9.70083E+00 0.0659
    9.2683E-01   1.11349E+01 0.0615
    9.3659E-01   1.17254E+01 0.0600
    9.4634E-01   1.09240E+01 0.0621
    9.5610E-01   1.04600E+01 0.0635
    9.6585E-01   1.12192E+01 0.0613
    9.7561E-01   1.01226E+01 0.0645
    9.8537E-01   1.14301E+01 0.0607
    9.9512E-01   1.12192E+01 0.0613
    1.0049E+00   1.04600E+01 0.0635
    1.0146E+00   2.99460E+01 0.0375
    1.0244E+00   1.13036E+01 0.0611
    1.0341E+00   1.12192E+01 0.0613
    1.0439E+00   8.89946E+00 0.0688
    1.0537E+00   9.23688E+00 0.0676
    1.0634E+00   8.35115E+00 0.0711
    1.0732E+00   9.65865E+00 0.0661
    1.0829E+00   9.53212E+00 0.0665
    1.0927E+00   9.36341E+00 0.0671
    1.1024E+00   1.02070E+01 0.0643
    1.1122E+00   9.57430E+00 0.0664
    1.1220E+00   9.48994E+00 0.0667
    1.1317E+00   8.98381E+00 0.0685
    1.1415E+00   8.81510E+00 0.0692
    1.1512E+00   8.89946E+00 0.0688
    1.1610E+00   8.98381E+00 0.0685
    1.1707E+00   8.94164E+00 0.0687
    1.1805E+00   8.47768E+00 0.0705
    1.1902E+00   1.03757E+01 0.0638
    1.2000E+00   9.27906E+00 0.0674
    1.2098E+00   7.42325E+00 0.0754
    1.2195E+00   9.15252E+00 0.0679
    1.2293E+00   7.88720E+00 0.0731
    1.2390E+00   7.71849E+00 0.0739
    1.2488E+00   8.39333E+00 0.0709
    1.2585E+00   8.14026E+00 0.0720
    1.2683E+00   8.64639E+00 0.0698
    1.2780E+00   8.73075E+00 0.0695
    1.2878E+00   8.35115E+00 0.0711
    1.2976E+00   8.85728E+00 0.0690
    1.3073E+00   7.67631E+00 0.0741
    1.3171E+00   7.54978E+00 0.0747
    1.3268E+00   8.64639E+00 0.0698
    1.3366E+00   8.39333E+00 0.0709
    1.3463E+00   9.11035E+00 0.0680
    1.3561E+00   7.71849E+00 0.0739
    1.3659E+00   7.92938E+00 0.0729
    1.3756E+00   8.22462E+00 0.0716
    1.3854E+00   7.38107E+00 0.0756
    1.3951E+00   7.25454E+00 0.0762
    1.4049E+00   8.01373E+00 0.0725
    1.4146E+00   6.66405E+00 0.0796
    1.4244E+00   8.26680E+00 0.0714
    1.4341E+00   8.14026E+00 0.0720
    1.4439E+00   7.12800E+00 0.0769
    1.4537E+00   7.97155E+00 0.0727
    1.4634E+00   6.74840E+00 0.0791
    1.4732E+00   7.63413E+00 0.0743
    1.4829E+00   7.71849E+00 0.0739
    1.4927E+00   7.25454E+00 0.0762
    1.5024E+00   7.08583E+00 0.0772
    1.5122E+00   5.94703E+00 0.0842
    1.5220E+00   7.59196E+00 0.0745
    1.5317E+00   6.57969E+00 0.0801
    1.5415E+00   7.38107E+00 0.0756
    1.5512E+00   7.38107E+00 0.0756
    1.5610E+00   7.08583E+00 0.0772
    1.5707E+00   7.33889E+00 0.0758
    1.5805E+00   7.80284E+00 0.0735
    1.5902E+00   8.30897E+00 0.0712
    1.6000E+00   7.71849E+00 0.0739
    1.6098E+00   6.70623E+00 0.0793
    1.6195E+00   7.71849E+00 0.0739
    1.6293E+00   7.63413E+00 0.0743
    1.6390E+00   9.86954E+00 0.0654
    1.6488E+00   7.00147E+00 0.0776
    1.6585E+00   7.46542E+00 0.0752
    1.6683E+00   7.17018E+00 0.0767
    1.6780E+00   7.88720E+00 0.0731
    1.6878E+00   7.67631E+00 0.0741
    1.6976E+00   6.83276E+00 0.0786
    1.7073E+00   8.01373E+00 0.0725
    1.7171E+00   6.20010E+00 0.0825
    1.7268E+00   9.91172E+00 0.0652
    1.7366E+00   6.70623E+00 0.0793
    1.7463E+00   6.32663E+00 0.0816
    1.7561E+00   4.85042E+00 0.0933
    1.7659E+00   6.66405E+00 0.0796
    1.7756E+00   5.82050E+00 0.0851
    1.7854E+00   5.69397E+00 0.0861
    1.7951E+00   6.11574E+00 0.0830
    1.8049E+00   5.60961E+00 0.0867
    1.8146E+00   5.60961E+00 0.0867
    1.8244E+00   5.69397E+00 0.0861
    1.8341E+00   5.52526E+00 0.0874
    1.8439E+00   6.49534E+00 0.0806
    1.8537E+00   5.90485E+00 0.0845
    1.8634E+00   5.86268E+00 0.0848
    1.8732E+00   4.85042E+00 0.0933
    1.8829E+00   4.89259E+00 0.0928
    1.8927E+00   5.90485E+00 0.0845
    1.9024E+00   5.60961E+00 0.0867
    1.9122E+00   5.44090E+00 0.0880
    1.9220E+00   5.10348E+00 0.0909
    1.9317E+00   6.28445E+00 0.0819
    1.9415E+00   5.86268E+00 0.0848
    1.9512E+00   6.49534E+00 0.0806
    1.9610E+00   5.98921E+00 0.0839
    1.9707E+00   5.44090E+00 0.0880
    1.9805E+00   5.18784E+00 0.0902
    1.9902E+00   4.80824E+00 0.0937
    2.0000E+00   5.69397E+00 0.0861
    2.0098E+00   6.28445E+00 0.0819
    2.0195E+00   5.56743E+00 0.0870
    2.0293E+00   6.70623E+00 0.0793
    2.0390E+00   5.73614E+00 0.0857
    2.0488E+00   5.14566E+00 0.0905
    2.0585E+00   5.48308E+00 0.0877
    2.0683E+00   4.97695E+00 0.0921
    2.0780E+00   5.31437E+00 0.0891
    2.0878E+00   4.93477E+00 0.0925
    2.0976E+00   4.85042E+00 0.0933
    2.1073E+00   5.10348E+00 0.0909
    2.1171E+00   5.69397E+00 0.0861
    2.1268E+00   5.90485E+00 0.0845
    2.1366E+00   4.89259E+00 0.0928
    2.1463E+00   4.97695E+00 0.0921
    2.1561E+00   5.18784E+00 0.0902
    2.1659E+00   5.14566E+00 0.0905
    2.1756E+00   4.13340E+00 0.1010
    2.1854E+00   4.34429E+00 0.0985
    2.1951E+00   4.85042E+00 0.0933
    2.2049E+00   4.34429E+00 0.0985
    2.2146E+00   1.44247E+01 0.0541
    2.2244E+00   3.79598E+00 0.1054
    2.2341E+00   5.01913E+00 0.0917
    2.2439E+00   4.72388E+00 0.0945
    2.2537E+00   4.09122E+00 0.1015
    2.2634E+00   4.68171E+00 0.0949
    2.2732E+00   4.25993E+00 0.0995
    2.2829E+00   4.47082E+00 0.0971
    2.2927E+00   4.68171E+00 0.0949
    2.3024E+00   4.72388E+00 0.0945
    2.3122E+00   4.63953E+00 0.0953
    2.3220E+00   3.96469E+00 0.1031
    2.3317E+00   4.47082E+00 0.0971
    2.3415E+00   4.59735E+00 0.0958
    2.3512E+00   4.47082E+00 0.0971
    2.3610E+00   4.72388E+00 0.0945
    2.3707E+00   5.23001E+00 0.0898
    2.3805E+00   4.17558E+00 0.1005
    2.3902E+00   4.13340E+00 0.1010
    2.4000E+00   4.59735E+00 0.0958
    2.4098E+00   5.14566E+00 0.0905
    2.4195E+00   4.85042E+00 0.0933
    2.4293E+00   4.68171E+00 0.0949
    2.4390E+00   4.76606E+00 0.0941
    2.4488E+00   3.33202E+00 0.1125
    2.4585E+00   3.88033E+00 0.1043
    2.4683E+00   4.80824E+00 0.0937
    2.4780E+00   4.80824E+00 0.0937
    2.4878E+00   3.83816E+00 0.1048
    2.4976E+00   5.27219E+00 0.0894
    2.5073E+00   4.89259E+00 0.0928
    2.5171E+00   4.42864E+00 0.0976
    2.5268E+00   7.80284E+00 0.0735
    2.5366E+00   3.83816E+00 0.1048
    2.5463E+00   4.25993E+00 0.0995
    2.5561E+00   3.71162E+00 0.1066
    2.5659E+00   3.79598E+00 0.1054
    2.5756E+00   3.62727E+00 0.1078
    2.5854E+00   3.75380E+00 0.1060
    2.5951E+00   5.06130E+00 0.0913
    2.6049E+00   3.92251E+00 0.1037
    2.6146E+00   3.75380E+00 0.1060
    2.6244E+00   4.00687E+00 0.1026
    2.6341E+00   4.17558E+00 0.1005
    2.6439E+00   3.71162E+00 0.1066
    2.6537E+00   4.21775E+00 0.1000
    2.6634E+00   2.91025E+00 0.1204
    2.6732E+00   3.75380E+00 0.1060
    2.6829E+00   3.79598E+00 0.1054
    2.6927E+00   3.28985E+00 0.1132
    2.7024E+00   3.41638E+00 0.1111
    2.7122E+00   3.66945E+00 0.1072
    2.7220E+00   3.66945E+00 0.1072
    2.7317E+00   2.91025E+00 0.1204
    2.7415E+00   3.92251E+00 0.1037
    2.7512E+00   3.83816E+00 0.1048
    2.7610E+00   6.24227E+00 0.0822
    2.7707E+00   3.24767E+00 0.1140
    2.7805E+00   3.41638E+00 0.1111
    2.7902E+00   2.78372E+00 0.1231
    2.8000E+00   3.41638E+00 0.1111
    2.8098E+00   3.83816E+00 0.1048
    2.8195E+00   3.33202E+00 0.1125
    2.8293E+00   3.45856E+00 0.1104
    2.8390E+00   3.33202E+00 0.1125
    2.8488E+00   2.78372E+00 0.1231
    2.8585E+00   3.50073E+00 0.1098
    2.8683E+00   4.93477E+00 0.0925
    2.8780E+00   2.99460E+00 0.1187
    2.8878E+00   2.57283E+00 0.1280
    2.8976E+00   3.07896E+00 0.1170
    2.9073E+00   3.12114E+00 0.1162
    2.9171E+00   3.07896E+00 0.1170
    2.9268E+00   3.24767E+00 0.1140
    2.9366E+00   2.99460E+00 0.1187
    2.9463E+00   2.36194E+00 0.1336
    2.9561E+00   3.41638E+00 0.1111
    2.9659E+00   3.24767E+00 0.1140
    2.9756E+00   3.07896E+00 0.1170
    2.9854E+00   4.30211E+00 0.0990
    2.9951E+00   2.82589E+00 0.1222
    3.0049E+00   6.74840E+00 0.0791
    3.0146E+00   2.74154E+00 0.1240
    3.0244E+00   2.65718E+00 0.1260
    3.0341E+00   3.16331E+00 0.1155
    3.0439E+00   3.24767E+00 0.1140
    3.0537E+00   3.37420E+00 0.1118
    3.0634E+00   3.41638E+00 0.1111
    3.0732E+00   2.91025E+00 0.1204
    3.0829E+00   4.38646E+00 0.0981
    3.0927E+00   2.40412E+00 0.1325
    3.1024E+00   3.83816E+00 0.1048
    3.1122E+00   2.95243E+00 0.1195
    3.1220E+00   2.86807E+00 0.1213
    3.1317E+00   2.86807E+00 0.1213
    3.1415E+00   3.12114E+00 0.1162
    3.1512E+00   2.69936E+00 0.1250
    3.1610E+00   2.06670E+00 0.1429
    3.1707E+00   3.16331E+00 0.1155
    3.1805E+00   2.78372E+00 0.1231
    3.1902E+00   2.44630E+00 0.1313
    3.2000E+00   2.53065E+00 0.1291
    3.2098E+00   2.48847E+00 0.1302
    3.2195E+00   2.95243E+00 0.1195
    3.2293E+00   2.31976E+00 0.1348
    3.2390E+00   2.10888E+00 0.1414
    3.2488E+00   2.36194E+00 0.1336
    3.2585E+00   2.57283E+00 0.1280
    3.2683E+00   2.65718E+00 0.1260
    3.2780E+00   1.94017E+00 0.1474
    3.2878E+00   2.82589E+00 0.1222
    3.2976E+00   2.53065E+00 0.1291
    3.3073E+00   2.99460E+00 0.1187
    3.3171E+00   2.23541E+00 0.1374
    3.3268E+00   1.56057E+00 0.1644
    3.3366E+00   1.77146E+00 0.1543
    3.3463E+00   2.61501E+00 0.1270
    3.3561E+00   2.57283E+00 0.1280
    3.3659E+00   2.23541E+00 0.1374
    3.3756E+00   2.99460E+00 0.1187
    3.3854E+00   1.34968E+00 0.1768
    3.3951E+00   2.36194E+00 0.1336
    3.4049E+00   2.99460E+00 0.1187
    3.4146E+00   2.53065E+00 0.1291
    3.4244E+00   2.74154E+00 0.1240
    3.4341E+00   2.23541E+00 0.1374
    3.4439E+00   1.47621E+00 0.1690
    3.4537E+00   2.15105E+00 0.1400
    3.4634E+00   2.44630E+00 0.1313
    3.4732E+00   3.37420E+00 0.1118
    3.4829E+00   2.10888E+00 0.1414
    3.4927E+00   2.06670E+00 0.1429
    3.5024E+00   2.15105E+00 0.1400
    3.5122E+00   2.86807E+00 0.1213
    3.5220E+00   2.23541E+00 0.1374
    3.5317E+00   2.10888E+00 0.1414
    3.5415E+00   2.31976E+00 0.1348
    3.5512E+00   2.44630E+00 0.1313
    3.5610E+00   1.81363E+00 0.1525
    3.5707E+00   2.10888E+00 0.1414
    3.5805E+00   2.19323E+00 0.1387
    3.5902E+00   3.62727E+00 0.1078
    3.6000E+00   1.94017E+00 0.1474
    3.6098E+00   1.64492E+00 0.1601
    3.6195E+00   1.81363E+00 0.1525
    3.6293E+00   2.15105E+00 0.1400
    3.6390E+00   1.85581E+00 0.1508
    3.6488E+00   1.72928E+00 0.1562
    3.6585E+00   2.10888E+00 0.1414
    3.6683E+00   1.72928E+00 0.1562
    3.6780E+00   2.31976E+00 0.1348
    3.6878E+00   1.39186E+00 0.1741
    3.6976E+00   1.56057E+00 0.1644
    3.7073E+00   1.68710E+00 0.1581
    3.7171E+00   1.77146E+00 0.1543
    3.7268E+00   1.68710E+00 0.1581
    3.7366E+00   1.68710E+00 0.1581
    3.7463E+00   1.68710E+00 0.1581
    3.7561E+00   1.56057E+00 0.1644
    3.7659E+00   1.94017E+00 0.1474
    3.7756E+00   2.10888E+00 0.1414
    3.7854E+00   1.81363E+00 0.1525
    3.7951E+00   2.15105E+00 0.1400
    3.8049E+00   1.85581E+00 0.1508
    3.8146E+00   1.98234E+00 0.1459
    3.8244E+00   1.22315E+00 0.1857
    3.8341E+00   2.02452E+00 0.1443
    3.8439E+00   1.47621E+00 0.1690
    3.8537E+00   2.61501E+00 0.1270
    3.8634E+00   1.56057E+00 0.1644
    3.8732E+00   1.98234E+00 0.1459
    3.8829E+00   2.78372E+00 0.1231
    3.8927E+00   1.81363E+00 0.1525
    3.9024E+00   1.64492E+00 0.1601
    3.9122E+00   1.34968E+00 0.1768
    3.9220E+00   1.77146E+00 0.1543
    3.9317E+00   1.98234E+00 0.1459
    3.9415E+00   1.56057E+00 0.1644
    3.9512E+00   1.51839E+00 0.1667
    3.9610E+00   2.06670E+00 0.1429
    3.9707E+00   2.02452E+00 0.1443
    3.9805E+00   1.56057E+00 0.1644
    3.9902E+00   4.09122E+00 0.1015
    4.0000E+00   1.43404E+00 0.1715
    4.0098E+00   1.22315E+00 0.1857
    4.0195E+00   1.34968E+00 0.1768
    4.0293E+00   1.60275E+00 0.1622
    4.0390E+00   1.64492E+00 0.1601
    4.0488E+00   1.47621E+00 0.1690
    4.0585E+00   1.43404E+00 0.1715
    4.0683E+00   1.81363E+00 0.1525
    4.0780E+00   1.43404E+00 0.1715
    4.0878E+00   1.43404E+00 0.1715
    4.0976E+00   1.89799E+00 0.1491
    4.1073E+00   1.85581E+00 0.1508
    4.1171E+00   1.56057E+00 0.1644
    4.1268E+00   1.34968E+00 0.1768
    4.1366E+00   1.13879E+00 0.1925
    4.1463E+00   1.47621E+00 0.1690
    4.1561E+00   1.34968E+00 0.1768
    4.1659E+00   1.30750E+00 0.1796
    4.1756E+00   1.34968E+00 0.1768
    4.1854E+00   1.30750E+00 0.1796
    4.1951E+00   1.60275E+00 0.1622
    4.2049E+00   9.70083E-01 0.2085
    4.2146E+00   1.47621E+00 0.1690
    4.2244E+00   1.43404E+00 0.1715
    4.2341E+00   1.51839E+00 0.1667
    4.2439E+00   1.60275E+00 0.1622
    4.2537E+00   8.85728E-01 0.2182
    4.2634E+00   1.64492E+00 0.1601
    4.2732E+00   9.70083E-01 0.2085
    4.2829E+00   1.30750E+00 0.1796
    4.2927E+00   1.43404E+00 0.1715
    4.3024E+00   1.22315E+00 0.1857
    4.3122E+00   1.30750E+00 0.1796
    4.3220E+00   1.81363E+00 0.1525
    4.3317E+00   9.27906E-01 0.2132
    4.3415E+00   1.30750E+00 0.1796
    4.3512E+00   1.64492E+00 0.1601
    4.3610E+00   1.64492E+00 0.1601
    4.3707E+00   1.01226E+00 0.2041
    4.3805E+00   1.13879E+00 0.1925
    4.3902E+00   1.30750E+00 0.1796
    4.4000E+00   1.64492E+00 0.1601
    4.4098E+00   1.26533E+00 0.1826
    4.4195E+00   1.85581E+00 0.1508
    4.4293E+00   1.30750E+00 0.1796
    4.4390E+00   8.85728E-01 0.2182
    4.4488E+00   1.26533E+00 0.1826
    4.4585E+00   1.26533E+00 0.1826
    4.4683E+00   1.43404E+00 0.1715
    4.4780E+00   1.05444E+00 0.2000
    4.4878E+00   1.56057E+00 0.1644
    4.4976E+00   1.47621E+00 0.1690
    4.5073E+00   1.18097E+00 0.1890
    4.5171E+00   1.05444E+00 0.2000
    4.5268E+00   8.85728E-01 0.2182
    4.5366E+00   1.18097E+00 0.1890
    4.5463E+00   8.43551E-01 0.2236
    4.5561E+00   1.30750E+00 0.1796
    4.5659E+00   1.18097E+00 0.1890
    4.5756E+00   1.43404E+00 0.1715
    4.5854E+00   1.30750E+00 0.1796
    4.5951E+00   1.56057E+00 0.1644
    4.6049E+00   1.51839E+00 0.1667
    4.6146E+00   1.05444E+00 0.2000
    4.6244E+00   1.09662E+00 0.1961
    4.6341E+00   1.26533E+00 0.1826
    4.6439E+00   1.13879E+00 0.1925
    4.6537E+00   7.59196E-01 0.2357
    4.6634E+00   1.13879E+00 0.1925
    4.6732E+00   1.43404E+00 0.1715
    4.6829E+00   8.43551E-01 0.2236
    4.6927E+00   1.39186E+00 0.1741
    4.7024E+00   1.64492E+00 0.1601
    4.7122E+00   1.13879E+00 0.1925
    4.7220E+00   1.34968E+00 0.1768
    4.7317E+00   1.22315E+00 0.1857
    4.7415E+00   1.26533E+00 0.1826
    4.7512E+00   8.43551E-01 0.2236
    4.7610E+00   1.05444E+00 0.2000
    4.7707E+00   1.26533E+00 0.1826
    4.7805E+00   7.17018E-01 0.2425
    4.7902E+00   8.43551E-01 0.2236
    4.8000E+00   5.48308E-01 0.2774
    4.8098E+00   1.43404E+00 0.1715
    4.8195E+00   1.01226E+00 0.2041
    4.8293E+00   1.43404E+00 0.1715
    4.8390E+00   8.01373E-01 0.2294
    4.8488E+00   9.27906E-01 0.2132
    4.8585E+00   1.39186E+00 0.1741
    4.8683E+00   7.59196E-01 0.2357
    4.8780E+00   1.39186E+00 0.1741
    4.8878E+00   1.05444E+00 0.2000
    4.8976E+00   7.17018E-01 0.2425
    4.9073E+00   1.18097E+00 0.1890
    4.9171E+00   1.09662E+00 0.1961
    4.9268E+00   1.01226E+00 0.2041
    4.9366E+00   8.85728E-01 0.2182
    4.9463E+00   1.18097E+00 0.1890
    4.9561E+00   1.13879E+00 0.1925
    4.9659E+00   7.17018E-01 0.2425
    4.9756E+00   1.05444E+00 0.2000
    4.9854E+00   9.70083E-01 0.2085
    4.9951E+00   8.85728E-01 0.2182
    5.0049E+00   6.32663E-01 0.2582
    5.0146E+00   8.43551E-01 0.2236
    5.0244E+00   1.13879E+00 0.1925
    5.0341E+00   8.43551E-01 0.2236
    5.0439E+00   8.85728E-01 0.2182
    5.0537E+00   1.01226E+00 0.2041
    5.0634E+00   9.27906E-01 0.2132
    5.0732E+00   9.27906E-01 0.2132
    5.0829E+00   8.43551E-01 0.2236
    5.0927E+00   8.01373E-01 0.2294
    5.1024E+00   1.39186E+00 0.1741
    5.1122E+00   1.89799E+00 0.1491
    5.1220E+00   8.01373E-01 0.2294
    5.1317E+00   6.74840E-01 0.2500
    5.1415E+00   7.59196E-01 0.2357
    5.1512E+00   8.43551E-01 0.2236
    5.1610E+00   9.27906E-01 0.2132
    5.1707E+00   7.17018E-01 0.2425
    5.1805E+00   9.27906E-01 0.2132
    5.1902E+00   8.01373E-01 0.2294
    5.2000E+00   1.01226E+00 0.2041
    5.2098E+00   7.59196E-01 0.2357
    5.2195E+00   1.13879E+00 0.1925
    5.2293E+00   4.21775E-01 0.3162
    5.2390E+00   9.70083E-01 0.2085
    5.2488E+00   5.90485E-01 0.2673
    5.2585E+00   1.34968E+00 0.1768
    5.2683E+00   8.01373E-01 0.2294
    5.2780E+00   8.43551E-01 0.2236
    5.2878E+00   6.32663E-01 0.2582
    5.2976E+00   8.01373E-01 0.2294
    5.3073E+00   8.85728E-01 0.2182
    5.3171E+00   6.32663E-01 0.2582
    5.3268E+00   8.01373E-01 0.2294
    5.3366E+00   1.01226E+00 0.2041
    5.3463E+00   8.85728E-01 0.2182
    5.3561E+00   5.90485E-01 0.2673
    5.3659E+00   7.59196E-01 0.2357
    5.3756E+00   2.57283E+00 0.1280
    5.3854E+00   1.09662E+00 0.1961
    5.3951E+00   7.17018E-01 0.2425
    5.4049E+00   8.85728E-01 0.2182
    5.4146E+00   1.18097E+00 0.1890
    5.4244E+00   8.43551E-01 0.2236
    5.4341E+00   8.43551E-01 0.2236
    5.4439E+00   4.63953E-01 0.3015
    5.4537E+00   7.59196E-01 0.2357
    5.4634E+00   8.85728E-01 0.2182
    5.4732E+00   5.06130E-01 0.2887
    5.4829E+00   9.27906E-01 0.2132
    5.4927E+00   7.59196E-01 0.2357
    5.5024E+00   6.74840E-01 0.2500
    5.5122E+00   8.01373E-01 0.2294
    5.5220E+00   7.17018E-01 0.2425
    5.5317E+00   7.17018E-01 0.2425
    5.5415E+00   9.27906E-01 0.2132
    5.5512E+00   8.43551E-01 0.2236
    5.5610E+00   7.17018E-01 0.2425
    5.5707E+00   1.09662E+00 0.1961
    5.5805E+00   6.32663E-01 0.2582
    5.5902E+00   7.59196E-01 0.2357
    5.6000E+00   5.90485E-01 0.2673
    5.6098E+00   8.85728E-01 0.2182
    5.6195E+00   2.02452E+00 0.1443
    5.6293E+00   1.09662E+00 0.1961
    5.6390E+00   8.43551E-01 0.2236
    5.6488E+00   4.63953E-01 0.3015
    5.6585E+00   5.48308E-01 0.2774
    5.6683E+00   3.79598E-01 0.3333
    5.6780E+00   8.01373E-01 0.2294
    5.6878E+00   6.74840E-01 0.2500
    5.6976E+00   5.48308E-01 0.2774
    5.7073E+00   5.48308E-01 0.2774
    5.7171E+00   4.21775E-01 0.3162
    5.7268E+00   3.79598E-01 0.3333
    5.7366E+00   5.90485E-01 0.2673
    5.7463E+00   8.43551E-01 0.2236
    5.7561E+00   7.17018E-01 0.2425
    5.7659E+00   5.06130E-01 0.2887
    5.7756E+00   6.32663E-01 0.2582
    5.7854E+00   5.90485E-01 0.2673
    5.7951E+00   5.90485E-01 0.2673
    5.8049E+00   1.01226E+00 0.2041
    5.8146E+00   7.59196E-01 0.2357
    5.8244E+00   7.17018E-01 0.2425
    5.8341E+00   3.79598E-01 0.3333
    5.8439E+00   4.63953E-01 0.3015
    5.8537E+00   8.01373E-01 0.2294
    5.8634E+00   4.21775E-01 0.3162
    5.8732E+00   5.06130E-01 0.2887
    5.8829E+00   4.63953E-01 0.3015
    5.8927E+00   3.03678E+00 0.1179
    5.9024E+00   2.53065E-01 0.4082
    5.9122E+00   6.74840E-01 0.2500
    5.9220E+00   5.48308E-01 0.2774
    5.9317E+00   2.10888E-01 0.4472
    5.9415E+00   5.48308E-01 0.2774
    5.9512E+00   5.90485E-01 0.2673
    5.9610E+00   2.95243E-01 0.3780
    5.9707E+00   6.32663E-01 0.2582
    5.9805E+00   7.59196E-01 0.2357
    5.9902E+00   6.74840E-01 0.2500
    6.0000E+00   6.74840E-01 0.2500
    6.0098E+00   5.90485E-01 0.2673
    6.0195E+00   5.48308E-01 0.2774
    6.0293E+00   4.63953E-01 0.3015
    6.0390E+00   5.90485E-01 0.2673
    6.0488E+00   5.48308E-01 0.2774
    6.0585E+00   5.90485E-01 0.2673
    6.0683E+00   8.43551E-01 0.2236
    6.0780E+00   2.53065E-01 0.4082
    6.0878E+00   5.48308E-01 0.2774
    6.0976E+00   4.63953E-01 0.3015
    6.1073E+00   5.48308E-01 0.2774
    6.1171E+00   6.74840E-01 0.2500
    6.1268E+00   5.48308E-01 0.2774
    6.1366E+00   5.90485E-01 0.2673
    6.1463E+00   5.06130E-01 0.2887
    6.1561E+00   4.63953E-01 0.3015
    6.1659E+00   4.63953E-01 0.3015
    6.1756E+00   7.17018E-01 0.2425
    6.1854E+00   5.06130E-01 0.2887
    6.1951E+00   3.79598E-01 0.3333
    6.2049E+00   2.95243E-01 0.3780
    6.2146E+00   3.37420E-01 0.3536
    6.2244E+00   3.79598E-01 0.3333
    6.2341E+00   2.95243E-01 0.3780
    6.2439E+00   1.26533E-01 0.5774
    6.2537E+00   3.79598E-01 0.3333
    6.2634E+00   6.74840E-01 0.2500
    6.2732E+00   3.79598E-01 0.3333
    6.2829E+00   3.79598E-01 0.3333
    6.2927E+00   2.10888E-01 0.4472
    6.3024E+00   4.21775E-01 0.3162
    6.3122E+00   2.95243E-01 0.3780
    6.3220E+00   4.63953E-01 0.3015
    6.3317E+00   2.53065E-01 0.4082
    6.3415E+00   1.68710E-01 0.5000
    6.3512E+00   1.68710E-01 0.5000
    6.3610E+00   2.10888E-01 0.4472
    6.3707E+00   8.43551E-02 0.7071
    6.3805E+00   3.37420E-01 0.3536
    6.3902E+00   3.37420E-01 0.3536
    6.4000E+00   3.03678E+00 0.1179
    6.4098E+00   8.43551E-02 0.7071
    6.4195E+00   3.37420E-01 0.3536
    6.4293E+00   2.95243E-01 0.3780
    6.4390E+00   3.79598E-01 0.3333
    6.4488E+00   4.21775E-01 0.3162
    6.4585E+00   4.63953E-01 0.3015
    6.4683E+00   2.53065E-01 0.4082
    6.4780E+00   2.10888E-01 0.4472
    6.4878E+00   2.53065E-01 0.4082
    6.4976E+00   1.68710E-01 0.5000
    6.5073E+00   2.95243E-01 0.3780
    6.5171E+00   1.68710E-01 0.5000
    6.5268E+00   2.53065E-01 0.4082
    6.5366E+00   2.53065E-01 0.4082
    6.5463E+00   1.68710E-01 0.5000
    6.5561E+00   2.95243E-01 0.3780
    6.5659E+00   2.10888E-01 0.4472
    6.5756E+00   1.26533E-01 0.5774
    6.5854E+00   2.53065E-01 0.4082
    6.5951E+00   1.68710E-01 0.5000
    6.6049E+00   2.53065E-01 0.4082
    6.6146E+00   3.37420E-01 0.3536
    6.6244E+00   3.37420E-01 0.3536
    6.6341E+00   2.95243E-01 0.3780
    6.6439E+00   1.68710E-01 0.5000
    6.6537E+00   1.68710E-01 0.5000
    6.6634E+00   2.53065E-01 0.4082
    6.6732E+00   2.53065E-01 0.4082
    6.6829E+00   2.10888E-01 0.4472
    6.6927E+00   1.26533E-01 0.5774
    6.7024E+00   2.10888E-01 0.4472
    6.7122E+00   3.79598E-01 0.3333
    6.7220E+00   3.79598E-01 0.3333
    6.7317E+00   1.68710E-01 0.5000
    6.7415E+00   1.68710E-01 0.5000
    6.7512E+00   1.26533E-01 0.5774
    6.7610E+00   3.79598E-01 0.3333
    6.7707E+00   1.26533E-01 0.5774
    6.7805E+00   1.68710E-01 0.5000
    6.7902E+00   1.68710E-01 0.5000
    6.8000E+00   1.68710E-01 0.5000
    6.8098E+00   1.26533E-01 0.5774
    6.8195E+00   8.43551E-02 0.7071
    6.8293E+00   2.10888E-01 0.4472
    6.8390E+00   2.10888E-01 0.4472
    6.8488E+00   2.53065E-01 0.4082
    6.8585E+00   4.21775E-02 1.0000
    6.8683E+00   1.26533E-01 0.5774
    6.8780E+00   2.10888E-01 0.4472
    6.8878E+00   2.53065E-01 0.4082
    6.8976E+00   2.53065E-01 0.4082
    6.9073E+00   2.53065E-01 0.4082
    6.9171E+00   1.26533E-01 0.5774
    6.9268E+00   1.26533E-01 0.5774
    6.9366E+00   2.10888E-01 0.4472
    6.9463E+00   2.10888E-01 0.4472
    6.9561E+00   1.68710E-01 0.5000
    6.9659E+00   1.68710E-01 0.5000
    6.9756E+00   8.43551E-02 0.7071
    6.9854E+00   1.26533E-01 0.5774
    6.9951E+00   8.43551E-02 0.7071
    7.0049E+00   1.26533E-01 0.5774
    7.0146E+00   1.26533E-01 0.5774
    7.0244E+00   2.95243E-01 0.3780
    7.0341E+00   2.10888E-01 0.4472
    7.0439E+00   1.26533E-01 0.5774
    7.0537E+00   1.26533E-01 0.5774
    7.0634E+00   2.10888E-01 0.4472
    7.0732E+00   1.68710E-01 0.5000
    7.0829E+00   2.53065E-01 0.4082
    7.0927E+00   2.95243E-01 0.3780
    7.1024E+00   1.26533E-01 0.5774
    7.1122E+00   2.10888E-01 0.4472
    7.1220E+00   1.68710E-01 0.5000
    7.1317E+00   4.21775E-02 1.0000
    7.1415E+00   4.21775E-02 1.0000
    7.1512E+00   4.21775E-02 1.0000
    7.1610E+00   8.43551E-02 0.7071
    7.1707E+00   4.21775E-02 1.0000
    7.1805E+00   4.21775E-02 1.0000
    7.1902E+00   2.53065E-01 0.4082
    7.2000E+00   2.10888E-01 0.4472
    7.2098E+00   1.26533E-01 0.5774
    7.2195E+00   1.26533E-01 0.5774
    7.2293E+00   2.10888E-01 0.4472
    7.2390E+00   2.53065E-01 0.4082
    7.2488E+00   1.68710E-01 0.5000
    7.2585E+00   2.53065E-01 0.4082
    7.2683E+00   4.21775E-02 1.0000
    7.2780E+00   1.68710E-01 0.5000
    7.2878E+00   1.68710E-01 0.5000
    7.2976E+00   2.53065E-01 0.4082
    7.3073E+00   8.43551E-02 0.7071
    7.3171E+00   1.26533E-01 0.5774
    7.3268E+00   8.43551E-02 0.7071
    7.3366E+00   1.68710E-01 0.5000
    7.3463E+00   4.21775E-02 1.0000
    7.3561E+00   3.79598E-01 0.3333
    7.3659E+00   4.21775E-02 1.0000
    7.3756E+00   1.26533E-01 0.5774
    7.3854E+00   8.43551E-02 0.7071
    7.3951E+00   8.43551E-02 0.7071
    7.4049E+00   8.43551E-02 0.7071
    7.4146E+00   1.26533E-01 0.5774
    7.4244E+00   8.43551E-02 0.7071
    7.4341E+00   8.43551E-02 0.7071
    7.4439E+00   0.00000E+00 0.0000
    7.4537E+00   4.21775E-02 1.0000
    7.4634E+00   1.26533E-01 0.5774
    7.4732E+00   1.68710E-01 0.5000
    7.4829E+00   8.43551E-02 0.7071
    7.4927E+00   4.21775E-01 0.3162
    7.5024E+00   1.26533E-01 0.5774
    7.5122E+00   4.21775E-02 1.0000
    7.5220E+00   0.00000E+00 0.0000
    7.5317E+00   1.26533E-01 0.5774
    7.5415E+00   0.00000E+00 0.0000
    7.5512E+00   1.68710E-01 0.5000
    7.5610E+00   2.10888E-01 0.4472
    7.5707E+00   2.53065E-01 0.4082
    7.5805E+00   1.26533E-01 0.5774
    7.5902E+00   8.43551E-02 0.7071
    7.6000E+00   1.26533E-01 0.5774
    7.6098E+00   1.26533E-01 0.5774
    7.6195E+00   8.43551E-02 0.7071
    7.6293E+00   8.43551E-02 0.7071
    7.6390E+00   1.26533E-01 0.5774
    7.6488E+00   8.43551E-02 0.7071
    7.6585E+00   1.26533E-01 0.5774
    7.6683E+00   1.26533E-01 0.5774
    7.6780E+00   8.43551E-02 0.7071
    7.6878E+00   1.68710E-01 0.5000
    7.6976E+00   4.21775E-02 1.0000
    7.7073E+00   4.21775E-02 1.0000
    7.7171E+00   4.21775E-02 1.0000
    7.7268E+00   4.21775E-02 1.0000
    7.7366E+00   4.21775E-02 1.0000
    7.7463E+00   4.21775E-02 1.0000
    7.7561E+00   4.21775E-02 1.0000
    7.7659E+00   8.43551E-02 0.7071
    7.7756E+00   4.21775E-02 1.0000
    7.7854E+00   4.21775E-02 1.0000
    7.7951E+00   8.43551E-02 0.7071
    7.8049E+00   1.26533E-01 0.5774
    7.8146E+00   4.21775E-02 1.0000
    7.8244E+00   1.26533E-01 0.5774
    7.8341E+00   1.68710E-01 0.5000
    7.8439E+00   2.10888E-01 0.4472
    7.8537E+00   4.21775E-02 1.0000
    7.8634E+00   0.00000E+00 0.0000
    7.8732E+00   1.68710E-01 0.5000
    7.8829E+00   1.26533E-01 0.5774
    7.8927E+00   8.43551E-02 0.7071
    7.9024E+00   4.21775E-02 1.0000
    7.9122E+00   4.21775E-02 1.0000
    7.9220E+00   4.21775E-02 1.0000
    7.9317E+00   4.21775E-02 1.0000
    7.9415E+00   0.00000E+00 0.0000
    7.9512E+00   8.43551E-02 0.7071
    7.9610E+00   4.21775E-02 1.0000
    7.9707E+00   0.00000E+00 0.0000
    7.9805E+00   1.26533E-01 0.5774
    7.9902E+00   4.21775E-02 1.0000
    8.0000E+00   1.26533E-01 0.5774
    8.0098E+00   0.00000E+00 0.0000
    8.0195E+00   1.26533E-01 0.5774
    8.0293E+00   0.00000E+00 0.0000
    8.0390E+00   8.43551E-02 0.7071
    8.0488E+00   1.26533E-01 0.5774
    8.0585E+00   0.00000E+00 0.0000
    8.0683E+00   2.10888E-01 0.4472
    8.0780E+00   8.43551E-02 0.7071
    8.0878E+00   8.43551E-02 0.7071
    8.0976E+00   4.21775E-02 1.0000
    8.1073E+00   0.00000E+00 0.0000
    8.1171E+00   4.21775E-02 1.0000
    8.1268E+00   2.10888E-01 0.4472
    8.1366E+00   8.43551E-02 0.7071
    8.1463E+00   4.21775E-02 1.0000
    8.1561E+00   8.43551E-02 0.7071
    8.1659E+00   0.00000E+00 0.0000
    8.1756E+00   1.26533E-01 0.5774
    8.1854E+00   4.21775E-02 1.0000
    8.1951E+00   8.43551E-02 0.7071
    8.2049E+00   4.21775E-02 1.0000
    8.2146E+00   8.43551E-02 0.7071
    8.2244E+00   4.21775E-02 1.0000
    8.2341E+00   4.21775E-02 1.0000
    8.2439E+00   8.43551E-02 0.7071
    8.2537E+00   4.21775E-02 1.0000
    8.2634E+00   4.21775E-02 1.0000
    8.2732E+00   8.43551E-02 0.7071
    8.2829E+00   1.26533E-01 0.5774
    8.2927E+00   4.21775E-02 1.0000
    8.3024E+00   0.00000E+00 0.0000
    8.3122E+00   4.21775E-02 1.0000
    8.3220E+00   1.68710E-01 0.5000
    8.3317E+00   4.21775E-02 1.0000
    8.3415E+00   1.26533E-01 0.5774
    8.3512E+00   8.43551E-02 0.7071
    8.3610E+00   0.00000E+00 0.0000
    8.3707E+00   4.21775E-02 1.0000
    8.3805E+00   8.43551E-02 0.7071
    8.3902E+00   0.00000E+00 0.0000
    8.4000E+00   4.21775E-02 1.0000
    8.4098E+00   1.26533E-01 0.5774
    8.4195E+00   0.00000E+00 0.0000
    8.4293E+00   4.21775E-02 1.0000
    8.4390E+00   8.43551E-02 0.7071
    8.4488E+00   1.26533E-01 0.5774
    8.4585E+00   1.26533E-01 0.5774
    8.4683E+00   4.21775E-02 1.0000
    8.4780E+00   4.21775E-02 1.0000
    8.4878E+00   1.26533E-01 0.5774
    8.4976E+00   4.21775E-02 1.0000
    8.5073E+00   0.00000E+00 0.0000
    8.5171E+00   4.21775E-02 1.0000
    8.5268E+00   8.43551E-02 0.7071
    8.5366E+00   0.00000E+00 0.0000
    8.5463E+00   8.43551E-02 0.7071
    8.5561E+00   0.00000E+00 0.0000
    8.5659E+00   0.00000E+00 0.0000
    8.5756E+00   4.21775E-02 1.0000
    8.5854E+00   0.00000E+00 0.0000
    8.5951E+00   0.00000E+00 0.0000
    8.6049E+00   8.43551E-02 0.7071
    8.6146E+00   4.21775E-02 1.0000
    8.6244E+00   1.26533E-01 0.5774
    8.6341E+00   4.21775E-02 1.0000
    8.6439E+00   4.21775E-02 1.0000
    8.6537E+00   4.21775E-02 1.0000
    8.6634E+00   4.21775E-02 1.0000
    8.6732E+00   0.00000E+00 0.0000
    8.6829E+00   8.43551E-02 0.7071
    8.6927E+00   4.21775E-02 1.0000
    8.7024E+00   4.21775E-02 1.0000
    8.7122E+00   0.00000E+00 0.0000
    8.7220E+00   8.43551E-02 0.7071
    8.7317E+00   4.21775E-02 1.0000
    8.7415E+00   0.00000E+00 0.0000
    8.7512E+00   1.26533E-01 0.5774
    8.7610E+00   4.21775E-02 1.0000
    8.7707E+00   0.00000E+00 0.0000
    8.7805E+00   0.00000E+00 0.0000
    8.7902E+00   4.21775E-02 1.0000
    8.8000E+00   0.00000E+00 0.0000
    8.8098E+00   1.26533E-01 0.5774
    8.8195E+00   0.00000E+00 0.0000
    8.8293E+00   8.43551E-02 0.7071
    8.8390E+00   0.00000E+00 0.0000
    8.8488E+00   0.00000E+00 0.0000
    8.8585E+00   4.21775E-02 1.0000
    8.8683E+00   0.00000E+00 0.0000
    8.8780E+00   0.00000E+00 0.0000
    8.8878E+00   8.43551E-02 0.7071
    8.8976E+00   8.43551E-02 0.7071
    8.9073E+00   1.26533E-01 0.5774
    8.9171E+00   0.00000E+00 0.0000
    8.9268E+00   8.43551E-02 0.7071
    8.9366E+00   0.00000E+00 0.0000
    8.9463E+00   0.00000E+00 0.0000
    8.9561E+00   0.00000E+00 0.0000
    8.9659E+00   4.21775E-02 1.0000
    8.9756E+00   1.26533E-01 0.5774
    8.9854E+00   0.00000E+00 0.0000
    8.9951E+00   0.00000E+00 0.0000
    9.0049E+00   4.21775E-02 1.0000
    9.0146E+00   1.26533E-01 0.5774
    9.0244E+00   4.21775E-02 1.0000
    9.0341E+00   0.00000E+00 0.0000
    9.0439E+00   4.21775E-02 1.0000
    9.0537E+00   4.21775E-02 1.0000
    9.0634E+00   0.00000E+00 0.0000
    9.0732E+00   4.21775E-02 1.0000
    9.0829E+00   0.00000E+00 0.0000
    9.0927E+00   0.00000E+00 0.0000
    9.1024E+00   0.00000E+00 0.0000
    9.1122E+00   8.43551E-02 0.7071
    9.1220E+00   0.00000E+00 0.0000
    9.1317E+00   0.00000E+00 0.0000
    9.1415E+00   0.00000E+00 0.0000
    9.1512E+00   4.21775E-02 1.0000
    9.1610E+00   4.21775E-02 1.0000
    9.1707E+00   0.00000E+00 0.0000
    9.1805E+00   0.00000E+00 0.0000
    9.1902E+00   0.00000E+00 0.0000
    9.2000E+00   4.21775E-02 1.0000
    9.2098E+00   4.21775E-02 1.0000
    9.2195E+00   0.00000E+00 0.0000
    9.2293E+00   4.21775E-02 1.0000
    9.2390E+00   0.00000E+00 0.0000
    9.2488E+00   0.00000E+00 0.0000
    9.2585E+00   0.00000E+00 0.0000
    9.2683E+00   8.43551E-02 0.7071
    9.2780E+00   0.00000E+00 0.0000
    9.2878E+00   0.00000E+00 0.0000
    9.2976E+00   4.21775E-02 1.0000
    9.3073E+00   0.00000E+00 0.0000
    9.3171E+00   0.00000E+00 0.0000
    9.3268E+00   8.43551E-02 0.7071
    9.3366E+00   4.21775E-02 1.0000
    9.3463E+00   0.00000E+00 0.0000
    9.3561E+00   8.43551E-02 0.7071
    9.3659E+00   0.00000E+00 0.0000
    9.3756E+00   4.21775E-02 1.0000
    9.3854E+00   0.00000E+00 0.0000
    9.3951E+00   0.00000E+00 0.0000
    9.4049E+00   1.26533E-01 0.5774
    9.4146E+00   4.21775E-02 1.0000
    9.4244E+00   1.26533E-01 0.5774
    9.4341E+00   8.43551E-02 0.7071
    9.4439E+00   8.43551E-02 0.7071
    9.4537E+00   4.21775E-02 1.0000
    9.4634E+00   8.43551E-02 0.7071
    9.4732E+00   0.00000E+00 0.0000
    9.4829E+00   0.00000E+00 0.0000
    9.4927E+00   4.21775E-02 1.0000
    9.5024E+00   4.21775E-02 1.0000
    9.5122E+00   4.21775E-02 1.0000
    9.5220E+00   0.00000E+00 0.0000
    9.5317E+00   0.00000E+00 0.0000
    9.5415E+00   0.00000E+00 0.0000
    9.5512E+00   8.43551E-02 0.7071
    9.5610E+00   4.21775E-02 1.0000
    9.5707E+00   1.68710E-01 0.5000
    9.5805E+00   0.00000E+00 0.0000
    9.5902E+00   1.68710E-01 0.5000
    9.6000E+00   0.00000E+00 0.0000
    9.6098E+00   0.00000E+00 0.0000
    9.6195E+00   0.00000E+00 0.0000
    9.6293E+00   1.26533E-01 0.5774
    9.6390E+00   0.00000E+00 0.0000
    9.6488E+00   0.00000E+00 0.0000
    9.6585E+00   4.21775E-02 1.0000
    9.6683E+00   8.43551E-02 0.7071
    9.6780E+00   0.00000E+00 0.0000
    9.6878E+00   4.21775E-02 1.0000
    9.6976E+00   4.21775E-02 1.0000
    9.7073E+00   0.00000E+00 0.0000
    9.7171E+00   4.21775E-02 1.0000
    9.7268E+00   4.21775E-02 1.0000
    9.7366E+00   0.00000E+00 0.0000
    9.7463E+00   0.00000E+00 0.0000
    9.7561E+00   0.00000E+00 0.0000
    9.7659E+00   0.00000E+00 0.0000
    9.7756E+00   4.21775E-02 1.0000
    9.7854E+00   0.00000E+00 0.0000
    9.7951E+00   8.43551E-02 0.7071
    9.8049E+00   0.00000E+00 0.0000
    9.8146E+00   0.00000E+00 0.0000
    9.8244E+00   4.21775E-02 1.0000
    9.8341E+00   8.43551E-02 0.7071
    9.8439E+00   4.21775E-02 1.0000
    9.8537E+00   0.00000E+00 0.0000
    9.8634E+00   0.00000E+00 0.0000
    9.8732E+00   4.21775E-02 1.0000
    9.8829E+00   0.00000E+00 0.0000
    9.8927E+00   4.21775E-02 1.0000
    9.9024E+00   0.00000E+00 0.0000
    9.9122E+00   8.43551E-02 0.7071
    9.9220E+00   4.21775E-02 1.0000
    9.9317E+00   0.00000E+00 0.0000
    9.9415E+00   1.26533E-01 0.5774
    9.9512E+00   0.00000E+00 0.0000
    9.9610E+00   0.00000E+00 0.0000
    9.9707E+00   0.00000E+00 0.0000
    9.9805E+00   4.21775E-02 1.0000
    9.9902E+00   4.21775E-02 1.0000
    1.0000E+01   4.21775E-02 1.0000