0.0 544.048 0.0088 
0.0097561 565.052 0.0086 
0.019512 53.228 0.0281 
0.029268 58.5424 0.0268 
0.039024 75.4978 0.0236 
0.04878 116.579 0.019 
0.058537 176.133 0.0155 
0.068293 180.984 0.0153 
0.078049 167.698 0.0159 
0.087805 160.992 0.0162 
0.097561 162.847 0.0161 
0.10732 134.757 0.0177 
0.11707 126.575 0.0183 
0.12683 111.728 0.0194 
0.13659 107.89 0.0198 
0.14634 96.0382 0.021 
0.1561 85.1564 0.0223 
0.16585 78.0284 0.0232 
0.17561 75.8352 0.0236 
0.18537 68.2432 0.0249 
0.19512 66.4718 0.0252 
0.20488 65.333 0.0254 
0.21463 58.5846 0.0268 
0.22439 53.6498 0.028 
0.23415 49.0103 0.0293 
0.2439 48.4198 0.0295 
0.25366 44.7925 0.0307 
0.26341 43.949 0.031 
0.27317 39.3938 0.0327 
0.28293 36.104 0.0342 
0.29268 34.6278 0.0349 
0.30244 32.0549 0.0363 
0.3122 29.2712 0.038 
0.32195 27.5841 0.0391 
0.33171 28.8916 0.0382 
0.34146 25.2222 0.0409 
0.35122 25.0956 0.041 
0.36098 22.4384 0.0434 
0.37073 22.1854 0.0436 
0.38049 21.7636 0.044 
0.39024 22.1432 0.0436 
0.4 20.5405 0.0453 
0.40976 21.0466 0.0448 
0.41951 21.2997 0.0445 
0.42927 22.4806 0.0433 
0.43902 21.5527 0.0442 
0.44878 23.2398 0.0426 
0.45854 24.8426 0.0412 
0.46829 28.9338 0.0382 
0.47805 31.2114 0.0368 
0.4878 30.6209 0.0371 
0.49756 24.1677 0.0418 
0.50732 20.4561 0.0454 
0.51707 15.7322 0.0518 
0.52683 16.2383 0.051 
0.53659 15.0152 0.053 
0.54634 13.4546 0.056 
0.5561 12.0206 0.0592 
0.56585 12.4424 0.0582 
0.57561 11.9784 0.0593 
0.58537 11.641 0.0602 
0.59512 11.7675 0.0599 
0.60488 12.4002 0.0583 
0.61463 11.177 0.0614 
0.62439 11.5145 0.0605 
0.63415 11.5145 0.0605 
0.6439 11.8519 0.0597 
0.65366 10.46 0.0635 
0.66341 9.11035 0.068 
0.67317 9.32123 0.0673 
0.68293 9.32123 0.0673 
0.69268 9.02599 0.0684 
0.70244 8.73075 0.0695 
0.7122 7.63413 0.0743 
0.72195 8.77293 0.0693 
0.73171 8.98381 0.0685 
0.74146 8.30897 0.0712 
0.75122 8.56204 0.0702 
0.76098 9.27906 0.0674 
0.77073 7.54978 0.0747 
0.78049 8.2668 0.0714 
0.79024 9.48994 0.0667 
0.8 8.56204 0.0702 
0.80976 8.89946 0.0688 
0.81951 8.05591 0.0724 
0.82927 8.22462 0.0716 
0.83902 8.77293 0.0693 
0.84878 9.06817 0.0682 
0.85854 10.0383 0.0648 
0.86829 8.73075 0.0695 
0.87805 7.128 0.0769 
0.8878 7.128 0.0769 
0.89756 7.08583 0.0772 
0.90732 6.87494 0.0783 
0.91707 7.5076 0.075 
0.92683 6.79058 0.0788 
0.93659 6.66405 0.0796 
0.94634 6.62187 0.0798 
0.9561 5.73614 0.0857 
0.96585 6.07356 0.0833 
0.97561 6.24227 0.0822 
0.98537 7.17018 0.0767 
0.99512 7.46542 0.0752 
1.0049 7.00147 0.0776 
1.0146 7.08583 0.0772 
1.0244 7.54978 0.0747 
1.0341 7.08583 0.0772 
1.0439 6.36881 0.0814 
1.0537 6.36881 0.0814 
1.0634 6.32663 0.0816 
1.0732 5.8205 0.0851 
1.0829 5.77832 0.0854 
1.0927 5.73614 0.0857 
1.1024 5.18784 0.0902 
1.1122 4.85042 0.0933 
1.122 5.65179 0.0864 
1.1317 5.60961 0.0867 
1.1415 6.2001 0.0825 
1.1512 5.48308 0.0877 
1.161 5.23001 0.0898 
1.1707 5.0613 0.0913 
1.1805 5.39872 0.0884 
1.1902 5.60961 0.0867 
1.2 5.0613 0.0913 
1.2098 6.15792 0.0828 
1.2195 5.56743 0.087 
1.2293 5.98921 0.0839 
1.239 6.28445 0.0819 
1.2488 5.35655 0.0887 
1.2585 5.86268 0.0848 
1.2683 5.27219 0.0894 
1.278 5.35655 0.0887 
1.2878 4.30211 0.099 
1.2976 4.09122 0.1015 
1.3073 5.90485 0.0845 
1.3171 4.80824 0.0937 
1.3268 5.01913 0.0917 
1.3366 5.0613 0.0913 
1.3463 4.21775 0.1 
1.3561 4.93477 0.0925 
1.3659 4.59735 0.0958 
1.3756 4.93477 0.0925 
1.3854 4.55517 0.0962 
1.3951 5.52526 0.0874 
1.4049 4.59735 0.0958 
1.4146 4.80824 0.0937 
1.4244 5.27219 0.0894 
1.4341 4.68171 0.0949 
1.4439 4.513 0.0967 
1.4537 5.0613 0.0913 
1.4634 3.83816 0.1048 
1.4732 5.65179 0.0864 
1.4829 4.17558 0.1005 
1.4927 4.513 0.0967 
1.5024 4.89259 0.0928 
1.5122 4.04904 0.1021 
1.522 3.7538 0.106 
1.5317 5.48308 0.0877 
1.5415 3.96469 0.1031 
1.5512 4.38646 0.0981 
1.561 3.79598 0.1054 
1.5707 4.513 0.0967 
1.5805 4.55517 0.0962 
1.5902 4.72388 0.0945 
1.6 3.41638 0.1111 
1.6098 4.09122 0.1015 
1.6195 4.55517 0.0962 
1.6293 4.30211 0.099 
1.639 4.25993 0.0995 
1.6488 4.42864 0.0976 
1.6585 4.76606 0.0941 
1.6683 4.47082 0.0971 
1.678 4.93477 0.0925 
1.6878 5.4409 0.088 
1.6976 4.76606 0.0941 
1.7073 5.31437 0.0891 
1.7171 5.4409 0.088 
1.7268 5.60961 0.0867 
1.7366 4.97695 0.0921 
1.7463 5.18784 0.0902 
1.7561 5.01913 0.0917 
1.7659 5.77832 0.0854 
1.7756 4.59735 0.0958 
1.7854 4.47082 0.0971 
1.7951 4.85042 0.0933 
1.8049 4.59735 0.0958 
1.8146 4.55517 0.0962 
1.8244 3.92251 0.1037 
1.8341 5.31437 0.0891 
1.8439 3.79598 0.1054 
1.8537 4.72388 0.0945 
1.8634 4.1334 0.101 
1.8732 4.30211 0.099 
1.8829 4.42864 0.0976 
1.8927 5.01913 0.0917 
1.9024 4.76606 0.0941 
1.9122 4.63953 0.0953 
1.922 3.88033 0.1043 
1.9317 4.17558 0.1005 
1.9415 4.68171 0.0949 
1.9512 4.30211 0.099 
1.961 3.88033 0.1043 
1.9707 3.71162 0.1066 
1.9805 3.62727 0.1078 
1.9902 3.7538 0.106 
2.0 3.71162 0.1066 
2.0098 4.513 0.0967 
2.0195 3.54291 0.1091 
2.0293 3.28985 0.1132 
2.039 2.9946 0.1187 
2.0488 2.4463 0.1313 
2.0585 2.65718 0.126 
2.0683 2.19323 0.1387 
2.078 2.48847 0.1302 
2.0878 2.65718 0.126 
2.0976 2.36194 0.1336 
2.1073 2.61501 0.127 
2.1171 2.57283 0.128 
2.1268 2.31976 0.1348 
2.1366 3.12114 0.1162 
2.1463 2.78372 0.1231 
2.1561 3.88033 0.1043 
2.1659 5.01913 0.0917 
2.1756 5.52526 0.0874 
2.1854 6.41098 0.0811 
2.1951 8.05591 0.0724 
2.2049 8.8151 0.0692 
2.2146 9.15252 0.0679 
2.2244 10.5022 0.0634 
2.2341 9.53212 0.0665 
2.2439 9.1947 0.0677 
2.2537 8.64639 0.0698 
2.2634 7.38107 0.0756 
2.2732 6.07356 0.0833 
2.2829 5.94703 0.0842 
2.2927 4.09122 0.1015 
2.3024 3.50073 0.1098 
2.3122 2.19323 0.1387 
2.322 2.36194 0.1336 
2.3317 1.98234 0.1459 
2.3415 1.85581 0.1508 
2.3512 1.77146 0.1543 
2.361 1.39186 0.1741 
2.3707 1.64492 0.1601 
2.3805 1.56057 0.1644 
2.3902 1.89799 0.1491 
2.4 2.0667 0.1429 
2.4098 1.51839 0.1667 
2.4195 2.10888 0.1414 
2.4293 1.89799 0.1491 
2.439 1.18097 0.189 
2.4488 1.77146 0.1543 
2.4585 1.3075 0.1796 
2.4683 1.64492 0.1601 
2.478 1.64492 0.1601 
2.4878 1.51839 0.1667 
2.4976 1.98234 0.1459 
2.5073 1.94017 0.1474 
2.5171 1.72928 0.1562 
2.5268 1.77146 0.1543 
2.5366 1.13879 0.1925 
2.5463 1.47621 0.169 
2.5561 2.0667 0.1429 
2.5659 1.98234 0.1459 
2.5756 1.6871 0.1581 
2.5854 1.6871 0.1581 
2.5951 1.6871 0.1581 
2.6049 1.72928 0.1562 
2.6146 1.72928 0.1562 
2.6244 1.64492 0.1601 
2.6341 1.34968 0.1768 
2.6439 1.6871 0.1581 
2.6537 1.56057 0.1644 
2.6634 1.47621 0.169 
2.6732 1.85581 0.1508 
2.6829 1.51839 0.1667 
2.6927 1.94017 0.1474 
2.7024 1.13879 0.1925 
2.7122 1.51839 0.1667 
2.722 1.51839 0.1667 
2.7317 1.56057 0.1644 
2.7415 1.13879 0.1925 
2.7512 1.26533 0.1826 
2.761 1.85581 0.1508 
2.7707 1.39186 0.1741 
2.7805 1.26533 0.1826 
2.7902 1.39186 0.1741 
2.8 1.26533 0.1826 
2.8098 1.43404 0.1715 
2.8195 1.51839 0.1667 
2.8293 0.632663 0.2582 
2.839 1.60275 0.1622 
2.8488 1.3075 0.1796 
2.8585 1.47621 0.169 
2.8683 1.39186 0.1741 
2.878 1.43404 0.1715 
2.8878 1.6871 0.1581 
2.8976 1.34968 0.1768 
2.9073 1.34968 0.1768 
2.9171 1.64492 0.1601 
2.9268 1.34968 0.1768 
2.9366 1.39186 0.1741 
2.9463 1.39186 0.1741 
2.9561 1.51839 0.1667 
2.9659 1.94017 0.1474 
2.9756 1.56057 0.1644 
2.9854 1.51839 0.1667 
2.9951 1.6871 0.1581 
3.0049 2.02452 0.1443 
3.0146 1.39186 0.1741 
3.0244 1.39186 0.1741 
3.0341 1.6871 0.1581 
3.0439 1.64492 0.1601 
3.0537 1.51839 0.1667 
3.0634 1.72928 0.1562 
3.0732 1.89799 0.1491 
3.0829 1.22315 0.1857 
3.0927 2.15105 0.14 
3.1024 1.39186 0.1741 
3.1122 0.885728 0.2182 
3.122 1.22315 0.1857 
3.1317 1.77146 0.1543 
3.1415 1.3075 0.1796 
3.1512 1.01226 0.2041 
3.161 1.18097 0.189 
3.1707 1.18097 0.189 
3.1805 0.885728 0.2182 
3.1902 1.18097 0.189 
3.2 1.01226 0.2041 
3.2098 0.927906 0.2132 
3.2195 1.22315 0.1857 
3.2293 1.3075 0.1796 
3.239 0.759196 0.2357 
3.2488 0.843551 0.2236 
3.2585 1.09662 0.1961 
3.2683 1.26533 0.1826 
3.278 0.885728 0.2182 
3.2878 0.970083 0.2085 
3.2976 0.970083 0.2085 
3.3073 0.885728 0.2182 
3.3171 0.759196 0.2357 
3.3268 0.970083 0.2085 
3.3366 1.18097 0.189 
3.3463 1.3075 0.1796 
3.3561 1.09662 0.1961 
3.3659 1.05444 0.2 
3.3756 1.22315 0.1857 
3.3854 1.09662 0.1961 
3.3951 1.56057 0.1644 
3.4049 0.717018 0.2425 
3.4146 0.759196 0.2357 
3.4244 0.759196 0.2357 
3.4341 1.39186 0.1741 
3.4439 0.970083 0.2085 
3.4537 1.26533 0.1826 
3.4634 1.01226 0.2041 
3.4732 1.56057 0.1644 
3.4829 0.927906 0.2132 
3.4927 0.843551 0.2236 
3.5024 0.970083 0.2085 
3.5122 0.801373 0.2294 
3.522 0.590485 0.2673 
3.5317 0.927906 0.2132 
3.5415 0.927906 0.2132 
3.5512 0.927906 0.2132 
3.561 0.717018 0.2425 
3.5707 1.05444 0.2 
3.5805 0.885728 0.2182 
3.5902 0.717018 0.2425 
3.6 0.801373 0.2294 
3.6098 0.67484 0.25 
3.6195 0.970083 0.2085 
3.6293 1.39186 0.1741 
3.639 1.18097 0.189 
3.6488 1.05444 0.2 
3.6585 0.632663 0.2582 
3.6683 1.39186 0.1741 
3.678 0.759196 0.2357 
3.6878 0.970083 0.2085 
3.6976 0.970083 0.2085 
3.7073 0.885728 0.2182 
3.7171 1.09662 0.1961 
3.7268 0.67484 0.25 
3.7366 0.548308 0.2774 
3.7463 1.09662 0.1961 
3.7561 0.717018 0.2425 
3.7659 0.590485 0.2673 
3.7756 0.885728 0.2182 
3.7854 0.590485 0.2673 
3.7951 1.01226 0.2041 
3.8049 0.759196 0.2357 
3.8146 0.759196 0.2357 
3.8244 1.18097 0.189 
3.8341 1.18097 0.189 
3.8439 1.34968 0.1768 
3.8537 0.970083 0.2085 
3.8634 0.970083 0.2085 
3.8732 1.13879 0.1925 
3.8829 0.970083 0.2085 
3.8927 1.01226 0.2041 
3.9024 1.05444 0.2 
3.9122 0.843551 0.2236 
3.922 0.843551 0.2236 
3.9317 1.01226 0.2041 
3.9415 0.970083 0.2085 
3.9512 0.67484 0.25 
3.961 0.970083 0.2085 
3.9707 0.717018 0.2425 
3.9805 0.801373 0.2294 
3.9902 0.759196 0.2357 
4.0 0.759196 0.2357 
4.0098 0.885728 0.2182 
4.0195 0.759196 0.2357 
4.0293 0.421775 0.3162 
4.039 0.927906 0.2132 
4.0488 0.885728 0.2182 
4.0585 0.632663 0.2582 
4.0683 0.463953 0.3015 
4.078 0.885728 0.2182 
4.0878 0.759196 0.2357 
4.0976 0.67484 0.25 
4.1073 0.67484 0.25 
4.1171 0.50613 0.2887 
4.1268 0.801373 0.2294 
4.1366 0.50613 0.2887 
4.1463 0.548308 0.2774 
4.1561 0.801373 0.2294 
4.1659 0.632663 0.2582 
4.1756 0.590485 0.2673 
4.1854 0.801373 0.2294 
4.1951 0.717018 0.2425 
4.2049 1.18097 0.189 
4.2146 0.717018 0.2425 
4.2244 0.632663 0.2582 
4.2341 0.632663 0.2582 
4.2439 0.801373 0.2294 
4.2537 0.548308 0.2774 
4.2634 0.927906 0.2132 
4.2732 0.590485 0.2673 
4.2829 0.590485 0.2673 
4.2927 0.843551 0.2236 
4.3024 0.379598 0.3333 
4.3122 0.50613 0.2887 
4.322 0.67484 0.25 
4.3317 0.590485 0.2673 
4.3415 0.632663 0.2582 
4.3512 0.632663 0.2582 
4.361 0.801373 0.2294 
4.3707 0.379598 0.3333 
4.3805 0.590485 0.2673 
4.3902 0.421775 0.3162 
4.4 0.927906 0.2132 
4.4098 0.590485 0.2673 
4.4195 0.632663 0.2582 
4.4293 0.33742 0.3536 
4.439 0.927906 0.2132 
4.4488 0.67484 0.25 
4.4585 0.717018 0.2425 
4.4683 0.50613 0.2887 
4.478 0.717018 0.2425 
4.4878 0.421775 0.3162 
4.4976 0.50613 0.2887 
4.5073 0.590485 0.2673 
4.5171 0.801373 0.2294 
4.5268 0.843551 0.2236 
4.5366 0.33742 0.3536 
4.5463 0.50613 0.2887 
4.5561 0.463953 0.3015 
4.5659 0.717018 0.2425 
4.5756 0.632663 0.2582 
4.5854 0.717018 0.2425 
4.5951 0.379598 0.3333 
4.6049 0.463953 0.3015 
4.6146 0.548308 0.2774 
4.6244 0.50613 0.2887 
4.6341 0.590485 0.2673 
4.6439 0.548308 0.2774 
4.6537 0.50613 0.2887 
4.6634 0.421775 0.3162 
4.6732 0.717018 0.2425 
4.6829 0.632663 0.2582 
4.6927 0.50613 0.2887 
4.7024 0.379598 0.3333 
4.7122 0.33742 0.3536 
4.722 0.590485 0.2673 
4.7317 0.463953 0.3015 
4.7415 0.885728 0.2182 
4.7512 0.50613 0.2887 
4.761 0.50613 0.2887 
4.7707 0.33742 0.3536 
4.7805 0.421775 0.3162 
4.7902 0.50613 0.2887 
4.8 0.463953 0.3015 
4.8098 0.50613 0.2887 
4.8195 0.379598 0.3333 
4.8293 0.421775 0.3162 
4.839 0.33742 0.3536 
4.8488 0.33742 0.3536 
4.8585 0.50613 0.2887 
4.8683 0.421775 0.3162 
4.878 0.379598 0.3333 
4.8878 0.632663 0.2582 
4.8976 0.379598 0.3333 
4.9073 0.421775 0.3162 
4.9171 0.717018 0.2425 
4.9268 0.463953 0.3015 
4.9366 0.590485 0.2673 
4.9463 0.421775 0.3162 
4.9561 0.421775 0.3162 
4.9659 0.210888 0.4472 
4.9756 0.548308 0.2774 
4.9854 0.463953 0.3015 
4.9951 0.33742 0.3536 
5.0049 0.253065 0.4082 
5.0146 0.50613 0.2887 
5.0244 0.33742 0.3536 
5.0341 0.548308 0.2774 
5.0439 0.548308 0.2774 
5.0537 0.632663 0.2582 
5.0634 0.33742 0.3536 
5.0732 0.67484 0.25 
5.0829 0.590485 0.2673 
5.0927 0.463953 0.3015 
5.1024 0.253065 0.4082 
5.1122 0.379598 0.3333 
5.122 0.33742 0.3536 
5.1317 0.548308 0.2774 
5.1415 0.463953 0.3015 
5.1512 0.33742 0.3536 
5.161 0.295243 0.378 
5.1707 0.253065 0.4082 
5.1805 0.590485 0.2673 
5.1902 0.463953 0.3015 
5.2 0.295243 0.378 
5.2098 0.421775 0.3162 
5.2195 0.463953 0.3015 
5.2293 0.50613 0.2887 
5.239 0.253065 0.4082 
5.2488 0.295243 0.378 
5.2585 0.210888 0.4472 
5.2683 0.463953 0.3015 
5.278 0.295243 0.378 
5.2878 0.50613 0.2887 
5.2976 0.253065 0.4082 
5.3073 0.590485 0.2673 
5.3171 0.463953 0.3015 
5.3268 0.50613 0.2887 
5.3366 0.50613 0.2887 
5.3463 0.50613 0.2887 
5.3561 0.590485 0.2673 
5.3659 0.590485 0.2673 
5.3756 0.379598 0.3333 
5.3854 0.33742 0.3536 
5.3951 0.421775 0.3162 
5.4049 0.295243 0.378 
5.4146 0.295243 0.378 
5.4244 0.463953 0.3015 
5.4341 0.16871 0.5 
5.4439 0.379598 0.3333 
5.4537 0.421775 0.3162 
5.4634 0.632663 0.2582 
5.4732 0.33742 0.3536 
5.4829 0.33742 0.3536 
5.4927 0.210888 0.4472 
5.5024 0.253065 0.4082 
5.5122 0.210888 0.4472 
5.522 0.379598 0.3333 
5.5317 0.379598 0.3333 
5.5415 0.632663 0.2582 
5.5512 0.50613 0.2887 
5.561 0.421775 0.3162 
5.5707 0.33742 0.3536 
5.5805 0.0843551 0.7071 
5.5902 0.463953 0.3015 
5.6 0.421775 0.3162 
5.6098 0.50613 0.2887 
5.6195 0.253065 0.4082 
5.6293 0.210888 0.4472 
5.639 0.295243 0.378 
5.6488 0.463953 0.3015 
5.6585 0.67484 0.25 
5.6683 0.463953 0.3015 
5.678 0.33742 0.3536 
5.6878 0.379598 0.3333 
5.6976 0.421775 0.3162 
5.7073 0.210888 0.4472 
5.7171 0.253065 0.4082 
5.7268 0.463953 0.3015 
5.7366 0.0843551 0.7071 
5.7463 0.295243 0.378 
5.7561 0.33742 0.3536 
5.7659 0.463953 0.3015 
5.7756 0.210888 0.4472 
5.7854 0.210888 0.4472 
5.7951 0.50613 0.2887 
5.8049 0.295243 0.378 
5.8146 0.421775 0.3162 
5.8244 0.16871 0.5 
5.8341 0.33742 0.3536 
5.8439 0.210888 0.4472 
5.8537 0.33742 0.3536 
5.8634 0.463953 0.3015 
5.8732 0.295243 0.378 
5.8829 0.379598 0.3333 
5.8927 0.253065 0.4082 
5.9024 0.253065 0.4082 
5.9122 0.16871 0.5 
5.922 0.295243 0.378 
5.9317 0.295243 0.378 
5.9415 0.295243 0.378 
5.9512 0.379598 0.3333 
5.961 0.379598 0.3333 
5.9707 0.379598 0.3333 
5.9805 0.210888 0.4472 
5.9902 0.16871 0.5 
6.0 0.379598 0.3333 
6.0098 0.253065 0.4082 
6.0195 0.295243 0.378 
6.0293 0.379598 0.3333 
6.039 0.126533 0.5774 
6.0488 0.33742 0.3536 
6.0585 0.16871 0.5 
6.0683 0.548308 0.2774 
6.078 0.210888 0.4472 
6.0878 0.16871 0.5 
6.0976 0.210888 0.4472 
6.1073 0.210888 0.4472 
6.1171 0.295243 0.378 
6.1268 0.16871 0.5 
6.1366 0.16871 0.5 
6.1463 0.295243 0.378 
6.1561 0.253065 0.4082 
6.1659 0.295243 0.378 
6.1756 0.379598 0.3333 
6.1854 0.295243 0.378 
6.1951 0.253065 0.4082 
6.2049 0.253065 0.4082 
6.2146 0.253065 0.4082 
6.2244 0.253065 0.4082 
6.2341 0.33742 0.3536 
6.2439 0.33742 0.3536 
6.2537 0.421775 0.3162 
6.2634 0.295243 0.378 
6.2732 0.295243 0.378 
6.2829 0.126533 0.5774 
6.2927 0.210888 0.4472 
6.3024 0.33742 0.3536 
6.3122 0.295243 0.378 
6.322 0.295243 0.378 
6.3317 0.210888 0.4472 
6.3415 0.295243 0.378 
6.3512 0.33742 0.3536 
6.361 0.16871 0.5 
6.3707 0.126533 0.5774 
6.3805 0.295243 0.378 
6.3902 0.253065 0.4082 
6.4 0.379598 0.3333 
6.4098 0.253065 0.4082 
6.4195 0.126533 0.5774 
6.4293 0.126533 0.5774 
6.439 0.295243 0.378 
6.4488 0.0421775 1.0 
6.4585 0.210888 0.4472 
6.4683 0.0421775 1.0 
6.478 0.126533 0.5774 
6.4878 0.126533 0.5774 
6.4976 0.16871 0.5 
6.5073 0.210888 0.4472 
6.5171 0.16871 0.5 
6.5268 0.33742 0.3536 
6.5366 0.126533 0.5774 
6.5463 0.463953 0.3015 
6.5561 0.126533 0.5774 
6.5659 0.210888 0.4472 
6.5756 0.16871 0.5 
6.5854 0.421775 0.3162 
6.5951 0.126533 0.5774 
6.6049 0.0843551 0.7071 
6.6146 0.210888 0.4472 
6.6244 0.126533 0.5774 
6.6341 0.210888 0.4472 
6.6439 0.16871 0.5 
6.6537 0.210888 0.4472 
6.6634 0.126533 0.5774 
6.6732 0.253065 0.4082 
6.6829 0.0843551 0.7071 
6.6927 0.210888 0.4472 
6.7024 0.253065 0.4082 
6.7122 0.295243 0.378 
6.722 0.16871 0.5 
6.7317 0.33742 0.3536 
6.7415 0.0843551 0.7071 
6.7512 0.126533 0.5774 
6.761 0.210888 0.4472 
6.7707 0.210888 0.4472 
6.7805 0.126533 0.5774 
6.7902 0.126533 0.5774 
6.8 0.295243 0.378 
6.8098 0.210888 0.4472 
6.8195 0.210888 0.4472 
6.8293 0.33742 0.3536 
6.839 0.16871 0.5 
6.8488 0.253065 0.4082 
6.8585 0.126533 0.5774 
6.8683 0.33742 0.3536 
6.878 0.253065 0.4082 
6.8878 0.16871 0.5 
6.8976 0.0843551 0.7071 
6.9073 0.210888 0.4472 
6.9171 0.126533 0.5774 
6.9268 0.210888 0.4472 
6.9366 0.210888 0.4472 
6.9463 0.210888 0.4472 
6.9561 0.253065 0.4082 
6.9659 0.126533 0.5774 
6.9756 0.126533 0.5774 
6.9854 0.0843551 0.7071 
6.9951 0.16871 0.5 
7.0049 0.16871 0.5 
7.0146 0.210888 0.4472 
7.0244 0.210888 0.4472 
7.0341 0.0843551 0.7071 
7.0439 0.126533 0.5774 
7.0537 0.0843551 0.7071 
7.0634 0.253065 0.4082 
7.0732 0.0843551 0.7071 
7.0829 0.0 0.0 
7.0927 0.16871 0.5 
7.1024 0.0843551 0.7071 
7.1122 0.0843551 0.7071 
7.122 0.0843551 0.7071 
7.1317 0.0843551 0.7071 
7.1415 0.295243 0.378 
7.1512 0.253065 0.4082 
7.161 0.16871 0.5 
7.1707 0.210888 0.4472 
7.1805 0.210888 0.4472 
7.1902 0.295243 0.378 
7.2 0.126533 0.5774 
7.2098 0.421775 0.3162 
7.2195 0.126533 0.5774 
7.2293 0.16871 0.5 
7.239 0.16871 0.5 
7.2488 0.126533 0.5774 
7.2585 0.210888 0.4472 
7.2683 0.210888 0.4472 
7.278 0.0843551 0.7071 
7.2878 0.0843551 0.7071 
7.2976 0.253065 0.4082 
7.3073 0.33742 0.3536 
7.3171 0.0843551 0.7071 
7.3268 0.295243 0.378 
7.3366 0.126533 0.5774 
7.3463 0.126533 0.5774 
7.3561 0.16871 0.5 
7.3659 0.126533 0.5774 
7.3756 0.210888 0.4472 
7.3854 0.0421775 1.0 
7.3951 0.126533 0.5774 
7.4049 0.210888 0.4472 
7.4146 0.0843551 0.7071 
7.4244 0.126533 0.5774 
7.4341 0.126533 0.5774 
7.4439 0.0421775 1.0 
7.4537 0.0421775 1.0 
7.4634 0.0843551 0.7071 
7.4732 0.0421775 1.0 
7.4829 0.16871 0.5 
7.4927 0.0843551 0.7071 
7.5024 0.0843551 0.7071 
7.5122 0.0843551 0.7071 
7.522 0.0843551 0.7071 
7.5317 0.126533 0.5774 
7.5415 0.0843551 0.7071 
7.5512 0.126533 0.5774 
7.561 0.0843551 0.7071 
7.5707 0.126533 0.5774 
7.5805 0.16871 0.5 
7.5902 0.126533 0.5774 
7.6 0.16871 0.5 
7.6098 0.0421775 1.0 
7.6195 0.253065 0.4082 
7.6293 0.210888 0.4472 
7.639 0.0421775 1.0 
7.6488 0.0843551 0.7071 
7.6585 0.0 0.0 
7.6683 0.16871 0.5 
7.678 0.0 0.0 
7.6878 0.126533 0.5774 
7.6976 0.126533 0.5774 
7.7073 0.16871 0.5 
7.7171 0.0421775 1.0 
7.7268 0.16871 0.5 
7.7366 0.126533 0.5774 
7.7463 0.0 0.0 
7.7561 0.0421775 1.0 
7.7659 0.210888 0.4472 
7.7756 0.0421775 1.0 
7.7854 0.0843551 0.7071 
7.7951 0.0421775 1.0 
7.8049 0.16871 0.5 
7.8146 0.0421775 1.0 
7.8244 0.0 0.0 
7.8341 0.210888 0.4472 
7.8439 0.0843551 0.7071 
7.8537 0.0843551 0.7071 
7.8634 0.16871 0.5 
7.8732 0.126533 0.5774 
7.8829 0.16871 0.5 
7.8927 0.0421775 1.0 
7.9024 0.0421775 1.0 
7.9122 0.0 0.0 
7.922 0.0421775 1.0 
7.9317 0.0843551 0.7071 
7.9415 0.0843551 0.7071 
7.9512 0.0421775 1.0 
7.961 0.126533 0.5774 
7.9707 0.0421775 1.0 
7.9805 0.16871 0.5 
7.9902 0.0421775 1.0 
8.0 0.0843551 0.7071 
8.0098 0.0843551 0.7071 
8.0195 0.0 0.0 
8.0293 0.0 0.0 
8.039 0.0 0.0 
8.0488 0.0421775 1.0 
8.0585 0.0843551 0.7071 
8.0683 0.0 0.0 
8.078 0.0 0.0 
8.0878 0.0421775 1.0 
8.0976 0.0 0.0 
8.1073 0.0 0.0 
8.1171 0.0843551 0.7071 
8.1268 0.0421775 1.0 
8.1366 0.0 0.0 
8.1463 0.0843551 0.7071 
8.1561 0.0 0.0 
8.1659 0.0843551 0.7071 
8.1756 0.0421775 1.0 
8.1854 0.0421775 1.0 
8.1951 0.126533 0.5774 
8.2049 0.16871 0.5 
8.2146 0.0421775 1.0 
8.2244 0.0421775 1.0 
8.2341 0.0 0.0 
8.2439 0.0 0.0 
8.2537 0.0843551 0.7071 
8.2634 0.0 0.0 
8.2732 0.0 0.0 
8.2829 0.0 0.0 
8.2927 0.0843551 0.7071 
8.3024 0.0421775 1.0 
8.3122 0.0 0.0 
8.322 0.0421775 1.0 
8.3317 0.0421775 1.0 
8.3415 0.0421775 1.0 
8.3512 0.0843551 0.7071 
8.361 0.0421775 1.0 
8.3707 0.0421775 1.0 
8.3805 0.0843551 0.7071 
8.3902 0.0 0.0 
8.4 0.126533 0.5774 
8.4098 0.0421775 1.0 
8.4195 0.0421775 1.0 
8.4293 0.0843551 0.7071 
8.439 0.0421775 1.0 
8.4488 0.0421775 1.0 
8.4585 0.0421775 1.0 
8.4683 0.126533 0.5774 
8.478 0.0 0.0 
8.4878 0.0 0.0 
8.4976 0.0421775 1.0 
8.5073 0.0 0.0 
8.5171 0.0421775 1.0 
8.5268 0.0 0.0 
8.5366 0.0421775 1.0 
8.5463 0.0421775 1.0 
8.5561 0.0 0.0 
8.5659 0.0421775 1.0 
8.5756 0.0843551 0.7071 
8.5854 0.0421775 1.0 
8.5951 0.126533 0.5774 
8.6049 0.0421775 1.0 
8.6146 0.0421775 1.0 
8.6244 0.0421775 1.0 
8.6341 0.0 0.0 
8.6439 0.0 0.0 
8.6537 0.0421775 1.0 
8.6634 0.0421775 1.0 
8.6732 0.0421775 1.0 
8.6829 0.0 0.0 
8.6927 0.0 0.0 
8.7024 0.0 0.0 
8.7122 0.0421775 1.0 
8.722 0.0421775 1.0 
8.7317 0.0843551 0.7071 
8.7415 0.0 0.0 
8.7512 0.0421775 1.0 
8.761 0.0843551 0.7071 
8.7707 0.16871 0.5 
8.7805 0.0421775 1.0 
8.7902 0.0421775 1.0 
8.8 0.0 0.0 
8.8098 0.0421775 1.0 
8.8195 0.0 0.0 
8.8293 0.0843551 0.7071 
8.839 0.0421775 1.0 
8.8488 0.0 0.0 
8.8585 0.0 0.0 
8.8683 0.0 0.0 
8.878 0.0843551 0.7071 
8.8878 0.0 0.0 
8.8976 0.0421775 1.0 
8.9073 0.0 0.0 
8.9171 0.0 0.0 
8.9268 0.0421775 1.0 
8.9366 0.0 0.0 
8.9463 0.0 0.0 
8.9561 0.0421775 1.0 
8.9659 0.0 0.0 
8.9756 0.0 0.0 
8.9854 0.0421775 1.0 
8.9951 0.0421775 1.0 
9.0049 0.0421775 1.0 
9.0146 0.0 0.0 
9.0244 0.0 0.0 
9.0341 0.0843551 0.7071 
9.0439 0.0 0.0 
9.0537 0.0421775 1.0 
9.0634 0.0 0.0 
9.0732 0.0421775 1.0 
9.0829 0.0843551 0.7071 
9.0927 0.0 0.0 
9.1024 0.0421775 1.0 
9.1122 0.0421775 1.0 
9.122 0.0421775 1.0 
9.1317 0.0421775 1.0 
9.1415 0.0 0.0 
9.1512 0.0 0.0 
9.161 0.0421775 1.0 
9.1707 0.0421775 1.0 
9.1805 0.0421775 1.0 
9.1902 0.0 0.0 
9.2 0.0 0.0 
9.2098 0.0421775 1.0 
9.2195 0.0 0.0 
9.2293 0.0 0.0 
9.239 0.0 0.0 
9.2488 0.0 0.0 
9.2585 0.0843551 0.7071 
9.2683 0.0 0.0 
9.278 0.0843551 0.7071 
9.2878 0.0 0.0 
9.2976 0.0 0.0 
9.3073 0.0843551 0.7071 
9.3171 0.0843551 0.7071 
9.3268 0.0 0.0 
9.3366 0.0421775 1.0 
9.3463 0.0 0.0 
9.3561 0.0 0.0 
9.3659 0.0 0.0 
9.3756 0.0 0.0 
9.3854 0.0 0.0 
9.3951 0.0421775 1.0 
9.4049 0.0 0.0 
9.4146 0.0 0.0 
9.4244 0.0 0.0 
9.4341 0.0421775 1.0 
9.4439 0.0421775 1.0 
9.4537 0.0 0.0 
9.4634 0.0 0.0 
9.4732 0.0421775 1.0 
9.4829 0.0 0.0 
9.4927 0.0421775 1.0 
9.5024 0.0421775 1.0 
9.5122 0.0 0.0 
9.522 0.0421775 1.0 
9.5317 0.0 0.0 
9.5415 0.0843551 0.7071 
9.5512 0.0 0.0 
9.561 0.0843551 0.7071 
9.5707 0.0 0.0 
9.5805 0.0421775 1.0 
9.5902 0.0 0.0 
9.6 0.0 0.0 
9.6098 0.0 0.0 
9.6195 0.0 0.0 
9.6293 0.0 0.0 
9.639 0.0421775 1.0 
9.6488 0.0 0.0 
9.6585 0.0421775 1.0 
9.6683 0.0421775 1.0 
9.678 0.0 0.0 
9.6878 0.0 0.0 
9.6976 0.0421775 1.0 
9.7073 0.0 0.0 
9.7171 0.0 0.0 
9.7268 0.0 0.0 
9.7366 0.0421775 1.0 
9.7463 0.0 0.0 
9.7561 0.0 0.0 
9.7659 0.0 0.0 
9.7756 0.0421775 1.0 
9.7854 0.0421775 1.0 
9.7951 0.0 0.0 
9.8049 0.0 0.0 
9.8146 0.0421775 1.0 
9.8244 0.0 0.0 
9.8341 0.0843551 0.7071 
9.8439 0.0 0.0 
9.8537 0.0 0.0 
9.8634 0.0 0.0 
9.8732 0.0 0.0 
9.8829 0.126533 0.5774 
9.8927 0.0 0.0 
9.9024 0.0421775 1.0 
9.9122 0.0843551 0.7071 
9.922 0.0 0.0 
9.9317 0.0 0.0 
9.9415 0.0 0.0 
9.9512 0.0421775 1.0 
9.961 0.0 0.0 
9.9707 0.0 0.0 
9.9805 0.0421775 1.0 
9.9902 0.0 0.0 
10.0 0.0 0.0 
