  0.000000   0.00000000 
   0.004885 8563.29329795 
   0.009770 818.25454304 
   0.014656 187.67214326 
   0.019541 210.68241590 
   0.024426 227.60903996 
   0.029311 249.77583900 
   0.034196 290.57509502 
   0.039082 357.86627365 
   0.043967 450.62385975 
   0.048852 554.64317583 
   0.053737 647.39638824 
   0.058622 708.04837408 
   0.063508 729.63924502 
   0.068393 724.63547475 
   0.073278 710.34516997 
   0.078163 694.83841737 
   0.083048 678.82726341 
   0.087934 660.32066128 
   0.092819 636.28804120 
   0.097704 605.70496099 
   0.102590 571.87269889 
   0.107470 539.95154827 
   0.112360 512.56785101 
   0.117240 489.33886277 
   0.122130 468.48175888 
   0.127020 448.79582125 
   0.131900 429.66203916 
   0.136790 410.56005069 
   0.141670 391.25141083 
   0.146560 371.67725315 
   0.151440 352.42452216 
   0.156330 334.24314387 
   0.161210 317.94217823 
   0.166100 303.74536883 
   0.170980 291.50837843 
   0.175870 280.72311519 
   0.180750 271.01430064 
   0.185640 262.09379525 
   0.190520 253.86649008 
   0.195410 246.15664253 
   0.200290 238.78796901 
   0.205180 231.51885957 
   0.210060 224.28235849 
   0.214950 217.12476431 
   0.219830 210.26368144 
   0.224720 203.83821345 
   0.229600 197.91287903 
   0.234490 192.36093467 
   0.239370 187.03320716 
   0.244260 181.75526696 
   0.249150 176.45788354 
   0.254030 171.14625701 
   0.258920 165.83885743 
   0.263800 160.61161446 
   0.268690 155.49116461 
   0.273570 150.53071010 
   0.278460 145.72235119 
   0.283340 141.07730722 
   0.288230 136.55246773 
   0.293110 132.14028662 
   0.298000 127.81176435 
   0.302880 123.60024117 
   0.307770 119.52892809 
   0.312650 115.66537135 
   0.317540 112.03679267 
   0.322420 108.67962530 
   0.327310 105.57691901 
   0.332190 102.71884992 
   0.337080 100.06156121 
   0.341960  97.58386559 
   0.346850  95.25001087 
   0.351730  93.05326729 
   0.356620  90.97719821 
   0.361500  89.02977275 
   0.366390  87.20750216 
   0.371280  85.52315496 
   0.376160  83.99230808 
   0.381050  82.62431572 
   0.385930  81.44043966 
   0.390820  80.44639878 
   0.395700  79.64569668 
   0.400590  79.01917802 
   0.405470  78.53840765 
   0.410360  78.16052820 
   0.415240  77.84614161 
   0.420130  77.56369633 
   0.425010  77.30340081 
   0.429900  77.07517466 
   0.434780  76.90792357 
   0.439670  76.83417831 
   0.444550  76.87679377 
   0.449440  77.03342232 
   0.454320  77.26834584 
   0.459210  77.51851554 
   0.464090  77.70589013 
   0.468980  77.76348345 
   0.473860  77.65346902 
   0.478750  77.37618281 
   0.483630  76.96222496 
   0.488520  76.44245891 
   0.493400  75.82340150 
   0.498290  75.05703532 
   0.503180  74.04891442 
   0.508060  72.68138897 
   0.512950  70.84446479 
   0.517830  68.50013062 
   0.522720  65.67853211 
   0.527600  62.51673015 
   0.532490  59.18875940 
   0.537370  55.91486536 
   0.542260  52.86645142 
   0.547140  50.18668125 
   0.552030  47.92856191 
   0.556910  46.10285949 
   0.561800  44.65809663 
   0.566680  43.53236102 
   0.571570  42.64838635 
   0.576450  41.94585279 
   0.581340  41.37235225 
   0.586220  40.89551429 
   0.591110  40.48983938 
   0.595990  40.14006139 
   0.600880  39.83018761 
   0.605760  39.54674623 
   0.610650  39.27275191 
   0.615530  38.99324217 
   0.620420  38.69238195 
   0.625310  38.35950552 
   0.630190  37.98936212 
   0.635080  37.58037878 
   0.639960  37.13985830 
   0.644850  36.67601976 
   0.649730  36.20308999 
   0.654620  35.73155599 
   0.659500  35.27379510 
   0.664390  34.83510775 
   0.669270  34.42064999 
   0.674160  34.02860011 
   0.679040  33.65786619 
   0.683930  33.30285251 
   0.688810  32.96075129 
   0.693700  32.62659798 
   0.698580  32.29940859 
   0.703470  31.97677089 
   0.708350  31.65997451 
   0.713240  31.34831250 
   0.718120  31.04383475 
   0.723010  30.74593274 
   0.727890  30.45618239 
   0.732780  30.17351504 
   0.737660  29.89913870 
   0.742550  29.63213485 
   0.747440  29.37361589 
   0.752320  29.12503855 
   0.757210  28.88670978 
   0.762090  28.66114794 
   0.766980  28.44900345 
   0.771860  28.25256444 
   0.776750  28.07219074 
   0.781630  27.90950029 
   0.786520  27.76446753 
   0.791400  27.63813566 
   0.796290  27.53024731 
   0.801170  27.44121303 
   0.806060  27.37013537 
   0.810940  27.31598649 
   0.815830  27.27613606 
   0.820710  27.24704105 
   0.825600  27.22348665 
   0.830480  27.19923350 
   0.835370  27.16689128 
   0.840250  27.11886699 
   0.845140  27.04734826 
   0.850020  26.94578278 
   0.854910  26.80823541 
   0.859790  26.63161582 
   0.864680  26.41378288 
   0.869570  26.15612163 
   0.874450  25.86286842 
   0.879340  25.53879511 
   0.884220  25.19319345 
   0.889110  24.83409335 
   0.893990  24.47313914 
   0.898880  24.11904202 
   0.903760  23.78265820 
   0.908650  23.47066264 
   0.913530  23.19056124 
   0.918420  22.94545553 
   0.923300  22.73863582 
   0.928190  22.56982400 
   0.933070  22.43890551 
   0.937960  22.34354231 
   0.942840  22.28167572 
   0.947730  22.25018510 
   0.952610  22.24604425 
   0.957500  22.26576430 
   0.962380  22.30538227 
   0.967270  22.36057762 
   0.972150  22.42589717 
   0.977040  22.49549850 
   0.981920  22.56214043 
   0.986810  22.61841003 
   0.991700  22.65607915 
   0.996580  22.66716787 
   1.001500  22.64418532 
   1.006400  22.58121873 
   1.011200  22.47689632 
   1.016100  22.32534603 
   1.021000  22.12943499 
   1.025900  21.89304782 
   1.030800  21.62252030 
   1.035700  21.32610443 
   1.040500  21.01973383 
   1.045400  20.70031962 
   1.050300  20.38357006 
   1.055200  20.07788841 
   1.060100  19.79012355 
   1.065000  19.52529126 
   1.069900  19.28651384 
   1.074700  19.07918762 
   1.079600  18.89455266 
   1.084500  18.73595231 
   1.089400  18.60136276 
   1.094300  18.48836013 
   1.099200  18.39443864 
   1.104100  18.31726285 
   1.108900  18.25598532 
   1.113800  18.20655101 
   1.118700  18.16935968 
   1.123600  18.14389717 
   1.128500  18.13010671 
   1.133400  18.12829697 
   1.138300  18.13901169 
   1.143100  18.16224230 
   1.148000  18.19943906 
   1.152900  18.25041223 
   1.157800  18.31477111 
   1.162700  18.39138354 
   1.167600  18.47823392 
   1.172400  18.57039143 
   1.177300  18.66790446 
   1.182200  18.76431917 
   1.187100  18.85456177 
   1.192000  18.93344935 
   1.196900  18.99611500 
   1.201800  19.03843935 
   1.206600  19.05729054 
   1.211500  19.05188225 
   1.216400  19.02150406 
   1.221300  18.96760372 
   1.226200  18.89296986 
   1.231100  18.80142411 
   1.236000  18.69742994 
   1.240800  18.58800093 
   1.245700  18.47301970 
   1.250600  18.35873648 
   1.255500  18.24847597 
   1.260400  18.14474264 
   1.265300  18.04921525 
   1.270200  17.96282485 
   1.275000  17.88736260 
   1.279900  17.81954263 
   1.284800  17.76057469 
   1.289700  17.70979978 
   1.294600  17.66643996 
   1.299500  17.62963991 
   1.304300  17.59906213 
   1.309200  17.57244757 
   1.314100  17.54939101 
   1.319000  17.52869131 
   1.323900  17.50905161 
   1.328800  17.48911108 
   1.333700  17.46749955 
   1.338500  17.44344940 
   1.343400  17.41481323 
   1.348300  17.38111330 
   1.353200  17.34169564 
   1.358100  17.29624358 
   1.363000  17.24479791 
   1.367900  17.18774792 
   1.372700  17.12710218 
   1.377600  17.06126909 
   1.382500  16.99259216 
   1.387400  16.92229363 
   1.392300  16.85160716 
   1.397200  16.78170139 
   1.402100  16.71361611 
   1.406900  16.64951753 
   1.411800  16.58738162 
   1.416700  16.52901282 
   1.421600  16.47463042 
   1.426500  16.42424727 
   1.431400  16.37769236 
   1.436200  16.33548588 
   1.441100  16.29542840 
   1.446000  16.25789572 
   1.450900  16.22229203 
   1.455800  16.18799555 
   1.460700  16.15438874 
   1.465600  16.12088687 
   1.470400  16.08766422 
   1.475300  16.05290147 
   1.480200  16.01694606 
   1.485100  15.97958110 
   1.490000  15.94072349 
   1.494900  15.90042918 
   1.499800  15.85889064 
   1.504600  15.81729926 
   1.509500  15.77433907 
   1.514400  15.73137327 
   1.519300  15.68895805 
   1.524200  15.64766807 
   1.529100  15.60806454 
   1.534000  15.57066751 
   1.538800  15.53661457 
   1.543700  15.50486547 
   1.548600  15.47646899 
   1.553500  15.45166954 
   1.558400  15.43066332 
   1.563300  15.41362436 
   1.568100  15.40095628 
   1.573000  15.39235459 
   1.577900  15.38843286 
   1.582800  15.38961384 
   1.587700  15.39647080 
   1.592600  15.40975927 
   1.597500  15.43044450 
   1.602300  15.45902998 
   1.607200  15.49811796 
   1.612100  15.54887701 
   1.617000  15.61319544 
   1.621900  15.69312831 
   1.626800  15.79081533 
   1.631700  15.90836177 
   1.636500  16.04460922 
   1.641400  16.20674342 
   1.646300  16.39309542 
   1.651200  16.60378005 
   1.656100  16.83786547 
   1.661000  17.09318700 
   1.665900  17.36622084 
   1.670700  17.64612089 
   1.675600  17.93840617 
   1.680500  18.22995813 
   1.685400  18.51250661 
   1.690300  18.77730770 
   1.695200  19.01562004 
   1.700000  19.21546590 
   1.704900  19.37810299 
   1.709800  19.49329191 
   1.714700  19.55722848 
   1.719600  19.56825957 
   1.724500  19.52699079 
   1.729400  19.43623305 
   1.734200  19.30396463 
   1.739100  19.13101398 
   1.744000  18.92735524 
   1.748900  18.70136774 
   1.753800  18.46164072 
   1.758700  18.21648852 
   1.763600  17.97353103 
   1.768400  17.74401955 
   1.773300  17.52366949 
   1.778200  17.32140379 
   1.783100  17.13989633 
   1.788000  16.98054380 
   1.792900  16.84361442 
   1.797800  16.72844125 
   1.802600  16.63537994 
   1.807500  16.55869675 
   1.812400  16.49834159 
   1.817300  16.45199026 
   1.822200  16.41732724 
   1.827100  16.39215189 
   1.831900  16.37474926 
   1.836800  16.36263700 
   1.841700  16.35470277 
   1.846600  16.34964369 
   1.851500  16.34638162 
   1.856400  16.34403588 
   1.861300  16.34188983 
   1.866100  16.33941291 
   1.871000  16.33600836 
   1.875900  16.33126893 
   1.880800  16.32475230 
   1.885700  16.31598952 
   1.890600  16.30444998 
   1.895500  16.28951041 
   1.900300  16.27086595 
   1.905200  16.24687929 
   1.910100  16.21687670 
   1.915000  16.17970072 
   1.919900  16.13406953 
   1.924800  16.07860596 
   1.929700  16.01187918 
   1.934500  15.93421454 
   1.939400  15.84102741 
   1.944300  15.73255547 
   1.949200  15.60774720 
   1.954100  15.46581079 
   1.959000  15.30627154 
   1.963800  15.13281081 
   1.968700  14.93847334 
   1.973600  14.72737094 
   1.978500  14.50058207 
   1.983400  14.25956045 
   1.988300  14.00609312 
   1.993200  13.74224374 
   1.998000  13.47590036 
   2.002900  13.19833063 
   2.007800  12.91747274 
   2.012700  12.63577705 
   2.017600  12.35561376 
   2.022500  12.07921830 
   2.027400  11.80865179 
   2.032200  11.55105549 
   2.037100  11.29733546 
   2.042000  11.05442971 
   2.046900  10.82368015 
   2.051800  10.60634050 
   2.056700  10.40365192 
   2.061600  10.21693586 
   2.066400  10.05096973 
   2.071300   9.90062189 
   2.076200   9.77177980 
   2.081100   9.66725822 
   2.086000   9.59057197 
   2.090900   9.54605722 
   2.095700   9.53870323 
   2.100600   9.57433577 
   2.105500   9.66074634 
   2.110400   9.80614024 
   2.115300  10.01956797 
   2.120200  10.31070730 
   2.125100  10.68953772 
   2.129900  11.15514152 
   2.134800  11.73592403 
   2.139700  12.43104662 
   2.144600  13.24627492 
   2.149500  14.18452515 
   2.154400  15.24508580 
   2.159300  16.42289880 
   2.164100  17.68075880 
   2.169000  19.05604691 
   2.173900  20.50288194 
   2.178800  21.99518637 
   2.183700  23.50202154 
   2.188600  24.98842582 
   2.193500  26.41658830 
   2.198300  27.72138809 
   2.203200  28.91893530 
   2.208100  29.94405954 
   2.213000  30.76376206 
   2.217900  31.35059880 
   2.222800  31.68413171 
   2.227700  31.75203453 
   2.232500  31.55754606 
   2.237400  31.09782541 
   2.242300  30.38813254 
   2.247200  29.45034167 
   2.252100  28.31306508 
   2.257000  27.01014203 
   2.261800  25.60914691 
   2.266700  24.09005968 
   2.271600  22.51981398 
   2.276500  20.93561460 
   2.281400  19.37152481 
   2.286300  17.85735304 
   2.291200  16.41788228 
   2.296000  15.09887005 
   2.300900  13.85899378 
   2.305800  12.73535899 
   2.310700  11.73171614 
   2.315600  10.84758592 
   2.320500  10.07900231 
   2.325400   9.41930237 
   2.330200   8.87038289 
   2.335100   8.39977286 
   2.340000   8.00957897 
   2.344900   7.68944175 
   2.349800   7.42937878 
   2.354700   7.22008379 
   2.359600   7.05312004 
   2.364400   6.92341377 
   2.369300   6.81919356 
   2.374200   6.73797870 
   2.379100   6.67515667 
   2.384000   6.62692637 
   2.388900   6.59019435 
   2.393700   6.56295862 
   2.398600   6.54212288 
   2.403500   6.52674991 
   2.408400   6.51558100 
   2.413300   6.50761991 
   2.418200   6.50207670 
   2.423100   6.49832223 
   2.427900   6.49589229 
   2.432800   6.49428291 
   2.437700   6.49321927 
   2.442600   6.49241985 
   2.447500   6.49164441 
   2.452400   6.49068295 
   2.457300   6.48934707 
   2.462100   6.48750878 
   2.467000   6.48493239 
   2.471900   6.48149722 
   2.476800   6.47705922 
   2.481700   6.47148448 
   2.486600   6.46465198 
   2.491500   6.45645740 
   2.496300   6.44702911 
   2.501200   6.43591739 
   2.506100   6.42327525 
   2.511000   6.40910731 
   2.515900   6.39345327 
   2.520800   6.37638845 
   2.525600   6.35840960 
   2.530500   6.33890634 
   2.535400   6.31840856 
   2.540300   6.29710620 
   2.545200   6.27520452 
   2.550100   6.25291718 
   2.555000   6.23045933 
   2.559800   6.20849705 
   2.564700   6.18631185 
   2.569600   6.16454767 
   2.574500   6.14337191 
   2.579400   6.12293227 
   2.584300   6.10335641 
   2.589200   6.08475275 
   2.594000   6.06755924 
   2.598900   6.05113484 
   2.603800   6.03591429 
   2.608700   6.02195510 
   2.613600   6.00931039 
   2.618500   5.99803204 
   2.623400   5.98817326 
   2.628200   5.97994634 
   2.633100   5.97306758 
   2.638000   5.96778697 
   2.642900   5.96416917 
   2.647800   5.96227673 
   2.652700   5.96216508 
   2.657500   5.96382292 
   2.662400   5.96734025 
   2.667300   5.97269359 
   2.672200   5.97983744 
   2.677100   5.98868001 
   2.682000   5.99907584 
   2.686900   6.01082002 
   2.691700   6.02337456 
   2.696600   6.03693833 
   2.701500   6.05087111 
   2.706400   6.06473162 
   2.711300   6.07803696 
   2.716200   6.09027693 
   2.721100   6.10093119 
   2.725900   6.10933804 
   2.730800   6.11537327 
   2.735700   6.11840397 
   2.740600   6.11806175 
   2.745500   6.11405973 
   2.750400   6.10620399 
   2.755300   6.09440029 
   2.760100   6.07901607 
   2.765000   6.05951310 
   2.769900   6.03636585 
   2.774800   6.00984683 
   2.779700   5.98029200 
   2.784600   5.94808375 
   2.789400   5.91435591 
   2.794300   5.87811865 
   2.799200   5.84047199 
   2.804100   5.80181800 
   2.809000   5.76253211 
   2.813900   5.72295674 
   2.818800   5.68339863 
   2.823600   5.64492624 
   2.828500   5.60617269 
   2.833400   5.56815748 
   2.838300   5.53107545 
   2.843200   5.49510944 
   2.848100   5.46043725 
   2.853000   5.42723765 
   2.857800   5.39632052 
   2.862700   5.36658568 
   2.867600   5.33889317 
   2.872500   5.31344620 
   2.877400   5.29044810 
   2.882300   5.27009578 
   2.887200   5.25257177 
   2.892000   5.23830128 
   2.896900   5.22681487 
   2.901800   5.21852745 
   2.906700   5.21347671 
   2.911600   5.21164485 
   2.916500   5.21295392 
   2.921300   5.21714661 
   2.926200   5.22419841 
   2.931100   5.23378964 
   2.936000   5.24560241 
   2.940900   5.25927040 
   2.945800   5.27438797 
   2.950700   5.29052089 
   2.955500   5.30687482 
   2.960400   5.32368377 
   2.965300   5.34016444 
   2.970200   5.35589050 
   2.975100   5.37046749 
   2.980000   5.38354272 
   2.984900   5.39481343 
   2.989700   5.40386647 
   2.994600   5.41089444 
   2.999500   5.41555973 
   3.004400   5.41779512 
   3.009300   5.41759049 
   3.014200   5.41498793 
   3.019100   5.41007537 
   3.023900   5.40314481 
   3.028800   5.39406136 
   3.033700   5.38312635 
   3.038600   5.37053332 
   3.043500   5.35648364 
   3.048400   5.34118047 
   3.053200   5.32516710 
   3.058100   5.30796689 
   3.063000   5.29008859 
   3.067900   5.27170749 
   3.072800   5.25298841 
   3.077700   5.23408574 
   3.082600   5.21514362 
   3.087400   5.19667884 
   3.092300   5.17804336 
   3.097200   5.15973530 
   3.102100   5.14185356 
   3.107000   5.12448181 
   3.111900   5.10768575 
   3.116800   5.09151034 
   3.121600   5.07628759 
   3.126500   5.06137924 
   3.131400   5.04707807 
   3.136300   5.03332566 
   3.141200   5.02003719 
   3.146100   5.00710406 
   3.151000   4.99439802 
   3.155800   4.98203452 
   3.160700   4.96935137 
   3.165600   4.95645721 
   3.170500   4.94321088 
   3.175400   4.92948729 
   3.180300   4.91518487 
   3.185100   4.90054380 
   3.190000   4.88491719 
   3.194900   4.86860322 
   3.199800   4.85164090 
   3.204700   4.83410744 
   3.209600   4.81611553 
   3.214500   4.79780869 
   3.219300   4.77973199 
   3.224200   4.76131449 
   3.229100   4.74312645 
   3.234000   4.72536323 
   3.238900   4.70821248 
   3.243800   4.69184614 
   3.248700   4.67641322 
   3.253500   4.66231603 
   3.258400   4.64905239 
   3.263300   4.63697727 
   3.268200   4.62610240 
   3.273100   4.61640112 
   3.278000   4.60780988 
   3.282900   4.60023130 
   3.287700   4.59366705 
   3.292600   4.58769509 
   3.297500   4.58229144 
   3.302400   4.57727493 
   3.307300   4.57245923 
   3.312200   4.56765950 
   3.317000   4.56280265 
   3.321900   4.55752523 
   3.326800   4.55178038 
   3.331700   4.54544414 
   3.336600   4.53841713 
   3.341500   4.53062597 
   3.346400   4.52202347 
   3.351200   4.51278858 
   3.356100   4.50253751 
   3.361000   4.49147522 
   3.365900   4.47963954 
   3.370800   4.46708094 
   3.375700   4.45385825 
   3.380600   4.44003438 
   3.385400   4.42597051 
   3.390300   4.41113947 
   3.395200   4.39588281 
   3.400100   4.38024634 
   3.405000   4.36426677 
   3.409900   4.34797148 
   3.414800   4.33137920 
   3.419600   4.31484879 
   3.424500   4.29769799 
   3.429400   4.28027256 
   3.434300   4.26257736 
   3.439200   4.24462096 
   3.444100   4.22641867 
   3.448900   4.20837340 
   3.453800   4.18976946 
   3.458700   4.17103120 
   3.463600   4.15222435 
   3.468500   4.13343037 
   3.473400   4.11474627 
   3.478300   4.09628381 
   3.483100   4.07853333 
   3.488000   4.06088889 
   3.492900   4.04386870 
   3.497800   4.02762286 
   3.502700   4.01230393 
   3.507600   3.99806365 
   3.512500   3.98504967 
   3.517300   3.97362557 
   3.522200   3.96344354 
   3.527100   3.95487375 
   3.532000   3.94801904 
   3.536900   3.94296534 
   3.541800   3.93978016 
   3.546700   3.93851143 
   3.551500   3.93915329 
   3.556400   3.94173885 
   3.561300   3.94625970 
   3.566200   3.95267886 
   3.571100   3.96093696 
   3.576000   3.97095187 
   3.580900   3.98261827 
   3.585700   3.99552387 
   3.590600   4.01005635 
   3.595500   4.02578525 
   3.600400   4.04250946 
   3.605300   4.06000363 
   3.610200   4.07801882 
   3.615000   4.09591042 
   3.619900   4.11413747 
   3.624800   4.13202021 
   3.629700   4.14923636 
   3.634600   4.16545490 
   3.639500   4.18034188 
   3.644400   4.19356722 
   3.649200   4.20460452 
   3.654100   4.21361924 
   3.659000   4.22008808 
   3.663900   4.22377484 
   3.668800   4.22448708 
   3.673700   4.22208330 
   3.678600   4.21647888 
   3.683400   4.20786288 
   3.688300   4.19591600 
   3.693200   4.18088972 
   3.698100   4.16295285 
   3.703000   4.14233493 
   3.707900   4.11932091 
   3.712800   4.09424404 
   3.717600   4.06803762 
   3.722500   4.04000480 
   3.727400   4.01109575 
   3.732300   3.98173760 
   3.737200   3.95235272 
   3.742100   3.92334727 
   3.746900   3.89566707 
   3.751800   3.86849613 
   3.756700   3.84271896 
   3.761600   3.81858310 
   3.766500   3.79627990 
   3.771400   3.77594149 
   3.776300   3.75763979 
   3.781100   3.74169871 
   3.786000   3.72741112 
   3.790900   3.71503431 
   3.795800   3.70442569 
   3.800700   3.69540261 
   3.805600   3.68775005 
   3.810500   3.68122895 
   3.815300   3.67569297 
   3.820200   3.67065453 
   3.825100   3.66597703 
   3.830000   3.66140938 
   3.834900   3.65671633 
   3.839800   3.65168432 
   3.844700   3.64612614 
   3.849500   3.64001947 
   3.854400   3.63298608 
   3.859300   3.62505211 
   3.864200   3.61615603 
   3.869100   3.60626681 
   3.874000   3.59538129 
   3.878800   3.58377230 
   3.883700   3.57099706 
   3.888600   3.55734520 
   3.893500   3.54288617 
   3.898400   3.52769690 
   3.903300   3.51185779 
   3.908200   3.49544920 
   3.913000   3.47889790 
   3.917900   3.46158539 
   3.922800   3.44391757 
   3.927700   3.42595305 
   3.932600   3.40774318 
   3.937500   3.38933263 
   3.942400   3.37076050 
   3.947200   3.35244444 
   3.952100   3.33365335 
   3.957000   3.31479960 
   3.961900   3.29591623 
   3.966800   3.27703890 
   3.971700   3.25820715 
   3.976600   3.23946538 
   3.981400   3.22124125 
   3.986300   3.20282972 
   3.991200   3.18467250 
   3.996100   3.16683469 
   4.001000   3.14938503 
   4.005900   3.13239477 
   4.010700   3.11626628 
   4.015600   3.10039814 
   4.020500   3.08520182 
   4.025400   3.07074349 
   4.030300   3.05708417 
   4.035200   3.04427835 
   4.040100   3.03237272 
   4.044900   3.02161928 
   4.049800   3.01159756 
   4.054700   3.00255887 
   4.059600   2.99450975 
   4.064500   2.98744527 
   4.069400   2.98134893 
   4.074300   2.97619261 
   4.079100   2.97201493 
   4.084000   2.96859222 
   4.088900   2.96595966 
   4.093800   2.96404652 
   4.098700   2.96277314 
   4.103600   2.96205196 
   4.108500   2.96178875 
   4.113300   2.96187912 
   4.118200   2.96222531 
   4.123100   2.96272328 
   4.128000   2.96326709 
   4.132900   2.96375206 
   4.137800   2.96407654 
   4.142600   2.96414544 
   4.147500   2.96387252 
   4.152400   2.96317055 
   4.157300   2.96196576 
   4.162200   2.96019455 
   4.167100   2.95780433 
   4.172000   2.95475397 
   4.176800   2.95109748 
   4.181700   2.94666499 
   4.186600   2.94151899 
   4.191500   2.93566366 
   4.196400   2.92911316 
   4.201300   2.92189068 
   4.206200   2.91402731 
   4.211000   2.90573951 
   4.215900   2.89672475 
   4.220800   2.88719776 
   4.225700   2.87721020 
   4.230600   2.86681644 
   4.235500   2.85607287 
   4.240400   2.84503726 
   4.245200   2.83400035 
   4.250100   2.82256086 
   4.255000   2.81100677 
   4.259900   2.79939901 
   4.264800   2.78779916 
   4.269700   2.77626957 
   4.274500   2.76510420 
   4.279400   2.75390058 
   4.284300   2.74295727 
   4.289200   2.73233894 
   4.294100   2.72210997 
   4.299000   2.71233384 
   4.303900   2.70307226 
   4.308700   2.69455528 
   4.313600   2.68648198 
   4.318500   2.67908540 
   4.323400   2.67240838 
   4.328300   2.66648557 
   4.333200   2.66134203 
   4.338100   2.65699197 
   4.342900   2.65350216 
   4.347800   2.65071670 
   4.352700   2.64869223 
   4.357600   2.64739060 
   4.362500   2.64675972 
   4.367400   2.64673391 
   4.372300   2.64723475 
   4.377100   2.64814937 
   4.382000   2.64941767 
   4.386900   2.65091679 
   4.391800   2.65253294 
   4.396700   2.65414893 
   4.401600   2.65564685 
   4.406400   2.65688813 
   4.411300   2.65781528 
   4.416200   2.65829611 
   4.421100   2.65823712 
   4.426000   2.65755732 
   4.430900   2.65619021 
   4.435800   2.65408546 
   4.440600   2.65127663 
   4.445500   2.64763195 
   4.450400   2.64320513 
   4.455300   2.63801740 
   4.460200   2.63210728 
   4.465100   2.62552928 
   4.470000   2.61835220 
   4.474800   2.61081870 
   4.479700   2.60270402 
   4.484600   2.59425788 
   4.489500   2.58558243 
   4.494400   2.57678129 
   4.499300   2.56795681 
   4.504200   2.55920727 
   4.509000   2.55079735 
   4.513900   2.54245831 
   4.518800   2.53443990 
   4.523700   2.52680256 
   4.528600   2.51959353 
   4.533500   2.51284620 
   4.538300   2.50670298 
   4.543200   2.50091360 
   4.548100   2.49560384 
   4.553000   2.49075449 
   4.557900   2.48633571 
   4.562800   2.48230861 
   4.567700   2.47862717 
   4.572500   2.47530665 
   4.577400   2.47215521 
   4.582300   2.46918926 
   4.587200   2.46635393 
   4.592100   2.46359681 
   4.597000   2.46086955 
   4.601900   2.45812915 
   4.606700   2.45539668 
   4.611600   2.45252918 
   4.616500   2.44956079 
   4.621400   2.44647688 
   4.626300   2.44327014 
   4.631200   2.43994005 
   4.636100   2.43649214 
   4.640900   2.43301054 
   4.645800   2.42936444 
   4.650700   2.42564255 
   4.655600   2.42186362 
   4.660500   2.41804664 
   4.665400   2.41420968 
   4.670200   2.41044717 
   4.675100   2.40661536 
   4.680000   2.40280233 
   4.684900   2.39901367 
   4.689800   2.39525061 
   4.694700   2.39150992 
   4.699600   2.38778417 
   4.704400   2.38413806 
   4.709300   2.38040537 
   4.714200   2.37664494 
   4.719100   2.37283799 
   4.724000   2.36896492 
   4.728900   2.36500636 
   4.733800   2.36094409 
   4.738600   2.35684866 
   4.743500   2.35253653 
   4.748400   2.34808231 
   4.753300   2.34348097 
   4.758200   2.33873233 
   4.763100   2.33384141 
   4.768000   2.32881860 
   4.772800   2.32378550 
   4.777700   2.31855282 
   4.782600   2.31324982 
   4.787500   2.30790631 
   4.792400   2.30255573 
   4.797300   2.29723446 
   4.802100   2.29208721 
   4.807000   2.28693846 
   4.811900   2.28193612 
   4.816800   2.27711937 
   4.821700   2.27252577 
   4.826600   2.26819038 
   4.831500   2.26414492 
   4.836300   2.26048980 
   4.841200   2.25709543 
   4.846100   2.25405926 
   4.851000   2.25139387 
   4.855900   2.24910626 
   4.860800   2.24719789 
   4.865700   2.24566493 
   4.870500   2.24451887 
   4.875400   2.24369923 
   4.880300   2.24321717 
   4.885200   2.24305370 
   4.890100   2.24318834 
   4.895000   2.24360026 
   4.899900   2.24426958 
   4.904700   2.24515781 
   4.909600   2.24628798 
   4.914500   2.24763444 
   4.919400   2.24919346 
   4.924300   2.25096812 
   4.929200   2.25296908 
   4.934000   2.25516670 
   4.938900   2.25767921 
   4.943800   2.26049887 
   4.948700   2.26366919 
   4.953600   2.26724106 
   4.958500   2.27127172 
   4.963400   2.27582343 
   4.968200   2.28085057 
   4.973100   2.28662839 
   4.978000   2.29312445 
   4.982900   2.30040163 
   4.987800   2.30851707 
   4.992700   2.31751960 
   4.997600   2.32744714 
   5.002400   2.33809270 
   5.007300   2.34990879 
   5.012200   2.36267508 
   5.017100   2.37636399 
   5.022000   2.39092749 
   5.026900   2.40629633 
   5.031800   2.42237988 
   5.036600   2.43872075 
   5.041500   2.45587058 
   5.046400   2.47334500 
   5.051300   2.49097803 
   5.056200   2.50859016 
   5.061100   2.52599152 
   5.066000   2.54298553 
   5.070800   2.55904576 
   5.075700   2.57464669 
   5.080600   2.58925434 
   5.085500   2.60268585 
   5.090400   2.61477216 
   5.095300   2.62536176 
   5.100100   2.63415817 
   5.105000   2.64142271 
   5.109900   2.64687392 
   5.114800   2.65045836 
   5.119700   2.65215127 
   5.124600   2.65195681 
   5.129500   2.64990762 
   5.134300   2.64615943 
   5.139200   2.64063966 
   5.144100   2.63351617 
   5.149000   2.62491691 
   5.153900   2.61498665 
   5.158800   2.60388340 
   5.163700   2.59177460 
   5.168500   2.57910455 
   5.173400   2.56551730 
   5.178300   2.55144205 
   5.183200   2.53704698 
   5.188100   2.52249219 
   5.193000   2.50792710 
   5.197900   2.49348837 
   5.202700   2.47958451 
   5.207600   2.46574105 
   5.212500   2.45234104 
   5.217400   2.43945838 
   5.222300   2.42715055 
   5.227200   2.41545921 
   5.232000   2.40462997 
   5.236900   2.39422439 
   5.241800   2.38447528 
   5.246700   2.37537214 
   5.251600   2.36689487 
   5.256500   2.35901529 
   5.261400   2.35169861 
   5.266200   2.34503854 
   5.271100   2.33871432 
   5.276000   2.33282311 
   5.280900   2.32731613 
   5.285800   2.32214351 
   5.290700   2.31725484 
   5.295600   2.31259976 
   5.300400   2.30821798 
   5.305300   2.30387841 
   5.310200   2.29962553 
   5.315100   2.29541185 
   5.320000   2.29119106 
   5.324900   2.28691819 
   5.329800   2.28254985 
   5.334600   2.27813807 
   5.339500   2.27346036 
   5.344400   2.26857039 
   5.349300   2.26343471 
   5.354200   2.25802375 
   5.359100   2.25231264 
   5.363900   2.24640839 
   5.368800   2.24005227 
   5.373700   2.23335837 
   5.378600   2.22632950 
   5.383500   2.21897794 
   5.388400   2.21132635 
   5.393300   2.20340871 
   5.398100   2.19543901 
   5.403000   2.18714294 
   5.407900   2.17875636 
   5.412800   2.17036481 
   5.417700   2.16206747 
   5.422600   2.15397707 
   5.427500   2.14621943 
   5.432300   2.13907570 
   5.437200   2.13239496 
   5.442100   2.12649040 
   5.447000   2.12152921 
   5.451900   2.11768472 
   5.456800   2.11513393 
   5.461700   2.11405484 
   5.466500   2.11459419 
   5.471400   2.11694227 
   5.476300   2.12126724 
   5.481200   2.12771869 
   5.486100   2.13642997 
   5.491000   2.14751435 
   5.495800   2.16075966 
   5.500700   2.17677884 
   5.505600   2.19535275 
   5.510500   2.21647868 
   5.515400   2.24011705 
   5.520300   2.26618924 
   5.525200   2.29457597 
   5.530000   2.32447297 
   5.534900   2.35692751 
   5.539800   2.39109596 
   5.544700   2.42669713 
   5.549600   2.46341349 
   5.554500   2.50089477 
   5.559400   2.53876243 
   5.564200   2.57584545 
   5.569100   2.61327800 
   5.574000   2.64985802 
   5.578900   2.68515465 
   5.583800   2.71874184 
   5.588700   2.75020608 
   5.593600   2.77915421 
   5.598400   2.80471999 
   5.603300   2.82764351 
   5.608200   2.84707176 
   5.613100   2.86276187 
   5.618000   2.87452265 
   5.622900   2.88221819 
   5.627700   2.88573946 
   5.632600   2.88521357 
   5.637500   2.88056288 
   5.642400   2.87188287 
   5.647300   2.85932367 
   5.652200   2.84308627 
   5.657100   2.82341769 
   5.661900   2.80110018 
   5.666800   2.77551932 
   5.671700   2.74745664 
   5.676600   2.71727954 
   5.681500   2.68536779 
   5.686400   2.65210611 
   5.691300   2.61787707 
   5.696100   2.58376854 
   5.701000   2.54871207 
   5.705900   2.51375191 
   5.710800   2.47920142 
   5.715700   2.44534489 
   5.720600   2.41243448 
   5.725500   2.38068815 
   5.730300   2.35089422 
   5.735200   2.32195561 
   5.740100   2.29461883 
   5.745000   2.26896070 
   5.749900   2.24502495 
   5.754800   2.22282428 
   5.759600   2.20274390 
   5.764500   2.18390651 
   5.769400   2.16668403 
   5.774300   2.15099290 
   5.779200   2.13673300 
   5.784100   2.12379079 
   5.789000   2.11204231 
   5.793800   2.10156445 
   5.798700   2.09178667 
   5.803600   2.08279909 
   5.808500   2.07446307 
   5.813400   2.06664202 
   5.818300   2.05920328 
   5.823200   2.05201978 
   5.828000   2.04511475 
   5.832900   2.03809067 
   5.837800   2.03099013 
   5.842700   2.02372135 
   5.847600   2.01620399 
   5.852500   2.00836985 
   5.857400   2.00016357 
   5.862200   1.99172344 
   5.867100   1.98266993 
   5.872000   1.97316027 
   5.876900   1.96319461 
   5.881800   1.95278763 
   5.886700   1.94196866 
   5.891500   1.93101311 
   5.896400   1.91952141 
   5.901300   1.90778986 
   5.906200   1.89590346 
   5.911100   1.88395984 
   5.916000   1.87206846 
   5.920900   1.86034953 
   5.925700   1.84916190 
   5.930600   1.83817498 
   5.935500   1.82776981 
   5.940400   1.81809582 
   5.945300   1.80930550 
   5.950200   1.80155238 
   5.955100   1.79498891 
   5.959900   1.78985643 
   5.964800   1.78608204 
   5.969700   1.78392211 
   5.974600   1.78350131 
   5.979500   1.78493111 
   5.984400   1.78830735 
   5.989300   1.79370777 
   5.994100   1.80101584 
   5.999000   1.81057033 
   6.003900   1.82225080 
   6.008800   1.83604121 
   6.013700   1.85189760 
   6.018600   1.86974693 
   6.023400   1.88906535 
   6.028300   1.91052729 
   6.033200   1.93358669 
   6.038100   1.95805173 
   6.043000   1.98370246 
   6.047900   2.01029262 
   6.052800   2.03755195 
   6.057600   2.06462339 
   6.062500   2.09233141 
   6.067400   2.11979259 
   6.072300   2.14667533 
   6.077200   2.17264341 
   6.082100   2.19736112 
   6.087000   2.22049845 
   6.091800   2.24132405 
   6.096700   2.26040797 
   6.101600   2.27701438 
   6.106500   2.29088797 
   6.111400   2.30180426 
   6.116300   2.30957352 
   6.121200   2.31404428 
   6.126000   2.31511889 
   6.130900   2.31277517 
   6.135800   2.30693117 
   6.140700   2.29760681 
   6.145600   2.28486590 
   6.150500   2.26881488 
   6.155300   2.25002323 
   6.160200   2.22788906 
   6.165100   2.20299017 
   6.170000   2.17557479 
   6.174900   2.14591685 
   6.179800   2.11431112 
   6.184700   2.08106813 
   6.189500   2.04722535 
   6.194400   2.01169375 
   6.199300   1.97549315 
   6.204200   1.93894651 
   6.209100   1.90236808 
   6.214000   1.86605944 
   6.218900   1.83030583 
   6.223700   1.79607618 
   6.228600   1.76218426 
   6.233500   1.72957283 
   6.238400   1.69843688 
   6.243300   1.66894491 
   6.248200   1.64123847 
   6.253100   1.61543200 
   6.257900   1.59207891 
   6.262800   1.57026680 
   6.267700   1.55053932 
   6.272600   1.53290880 
   6.277500   1.51736460 
   6.282400   1.50387440 
   6.287200   1.49260065 
   6.292100   1.48300390 
   6.297000   1.47525137 
   6.301900   1.46923963 
   6.306800   1.46485125 
   6.311700   1.46195638 
   6.316600   1.46041433 
   6.321400   1.46007110 
   6.326300   1.46075761 
   6.331200   1.46232944 
   6.336100   1.46461904 
   6.341000   1.46745639 
   6.345900   1.47067091 
   6.350800   1.47409328 
   6.355600   1.47748743 
   6.360500   1.48083665 
   6.365400   1.48391646 
   6.370300   1.48658238 
   6.375200   1.48870116 
   6.380100   1.49015258 
   6.385000   1.49083124 
   6.389800   1.49066102 
   6.394700   1.48956464 
   6.399600   1.48748393 
   6.404500   1.48438602 
   6.409400   1.48025830 
   6.414300   1.47510868 
   6.419100   1.46910039 
   6.424000   1.46203003 
   6.428900   1.45407918 
   6.433800   1.44533175 
   6.438700   1.43588756 
   6.443600   1.42586028 
   6.448500   1.41537519 
   6.453300   1.40478954 
   6.458200   1.39380050 
   6.463100   1.38276989 
   6.468000   1.37184241 
   6.472900   1.36116040 
   6.477800   1.35086091 
   6.482700   1.34107292 
   6.487500   1.33209456 
   6.492400   1.32365528 
   6.497300   1.31603917 
   6.502200   1.30931952 
   6.507100   1.30355120 
   6.512000   1.29876963 
   6.516900   1.29499011 
   6.521700   1.29225463 
   6.526600   1.29042472 
   6.531500   1.28952333 
   6.536400   1.28948774 
   6.541300   1.29023812 
   6.546200   1.29167915 
   6.551100   1.29370206 
   6.555900   1.29613232 
   6.560800   1.29894455 
   6.565700   1.30195732 
   6.570600   1.30503178 
   6.575500   1.30802796 
   6.580400   1.31080736 
   6.585200   1.31319029 
   6.590100   1.31514999 
   6.595000   1.31651295 
   6.599900   1.31716979 
   6.604800   1.31702323 
   6.609700   1.31598952 
   6.614600   1.31399955 
   6.619400   1.31107118 
   6.624300   1.30704505 
   6.629200   1.30194953 
   6.634100   1.29577836 
   6.639000   1.28854070 
   6.643900   1.28026045 
   6.648800   1.27097541 
   6.653600   1.26095420 
   6.658500   1.24984012 
   6.663400   1.23790430 
   6.668300   1.22522732 
   6.673200   1.21189691 
   6.678100   1.19800643 
   6.683000   1.18365338 
   6.687800   1.16924121 
   6.692700   1.15426913 
   6.697600   1.13913551 
   6.702500   1.12394065 
   6.707400   1.10878258 
   6.712300   1.09375614 
   6.717100   1.07925144 
   6.722000   1.06474872 
   6.726900   1.05063344 
   6.731800   1.03698043 
   6.736700   1.02385818 
   6.741600   1.01132850 
   6.746500   0.99944624 
   6.751300   0.98848016 
   6.756200   0.97801300 
   6.761100   0.96831342 
   6.766000   0.95940671 
   6.770900   0.95131048 
   6.775800   0.94403457 
   6.780700   0.93758103 
   6.785500   0.93205106 
   6.790400   0.92720102 
   6.795300   0.92313338 
   6.800200   0.91981954 
   6.805100   0.91722353 
   6.810000   0.91530226 
   6.814900   0.91400589 
   6.819700   0.91328778 
   6.824600   0.91305708 
   6.829500   0.91326724 
   6.834400   0.91384658 
   6.839300   0.91471975 
   6.844200   0.91580856 
   6.849000   0.91700723 
   6.853900   0.91828632 
   6.858800   0.91954156 
   6.863700   0.92069408 
   6.868600   0.92166766 
   6.873500   0.92238997 
   6.878400   0.92279374 
   6.883200   0.92282151 
   6.888100   0.92242136 
   6.893000   0.92154272 
   6.897900   0.92014864 
   6.902800   0.91821183 
   6.907700   0.91571519 
   6.912600   0.91265217 
   6.917400   0.90910648 
   6.922300   0.90494490 
   6.927200   0.90026070 
   6.932100   0.89508905 
   6.937000   0.88947454 
   6.941900   0.88347036 
   6.946800   0.87713739 
   6.951600   0.87067970 
   6.956500   0.86389959 
   6.961400   0.85700563 
   6.966300   0.85007678 
   6.971200   0.84319301 
   6.976100   0.83643377 
   6.980900   0.83000783 
   6.985800   0.82372024 
   6.990700   0.81777646 
   6.995600   0.81223969 
   7.000500   0.80716586 
   7.005400   0.80260262 
   7.010300   0.79858850 
   7.015100   0.79521645 
   7.020000   0.79236421 
   7.024900   0.79011610 
   7.029800   0.78846957 
   7.034700   0.78741154 
   7.039600   0.78691869 
   7.044500   0.78695797 
   7.049300   0.78747185 
   7.054200   0.78843225 
   7.059100   0.78977572 
   7.064000   0.79143838 
   7.068900   0.79335121 
   7.073800   0.79544128 
   7.078700   0.79763296 
   7.083500   0.79980430 
   7.088400   0.80196989 
   7.093300   0.80400839 
   7.098200   0.80584591 
   7.103100   0.80741184 
   7.108000   0.80863989 
   7.112800   0.80945637 
   7.117700   0.80984101 
   7.122600   0.80972376 
   7.127500   0.80906290 
   7.132400   0.80782412 
   7.137300   0.80598071 
   7.142200   0.80351364 
   7.147000   0.80048122 
   7.151900   0.79675317 
   7.156800   0.79238927 
   7.161700   0.78739945 
   7.166600   0.78179998 
   7.171500   0.77561297 
   7.176400   0.76886576 
   7.181200   0.76174384 
   7.186100   0.75398578 
   7.191000   0.74577386 
   7.195900   0.73714998 
   7.200800   0.72815808 
   7.205700   0.71884352 
   7.210600   0.70925250 
   7.215400   0.69963397 
   7.220300   0.68963267 
   7.225200   0.67949247 
   7.230100   0.66925799 
   7.235000   0.65897243 
   7.239900   0.64867727 
   7.244700   0.63862097 
   7.249600   0.62842121 
   7.254500   0.61832291 
   7.259400   0.60835858 
   7.264300   0.59855810 
   7.269200   0.58894870 
   7.274100   0.57955493 
   7.278900   0.57058297 
   7.283800   0.56167781 
   7.288700   0.55304538 
   7.293600   0.54469955 
   7.298500   0.53665167 
   7.303400   0.52891056 
   7.308300   0.52148266 
   7.313100   0.51451402 
   7.318000   0.50771617 
   7.322900   0.50123739 
   7.327800   0.49507553 
   7.332700   0.48922658 
   7.337600   0.48368478 
   7.342500   0.47844274 
   7.347300   0.47358979 
   7.352200   0.46891369 
   7.357100   0.46450708 
   7.362000   0.46035747 
   7.366900   0.45645144 
   7.371800   0.45277480 
   7.376600   0.44938133 
   7.381500   0.44611456 
   7.386400   0.44303167 
   7.391300   0.44011678 
   7.396200   0.43735398 
   7.401100   0.43472742 
   7.406000   0.43222150 
   7.410800   0.42986902 
   7.415700   0.42755746 
   7.420600   0.42532272 
   7.425500   0.42315145 
   7.430400   0.42103111 
   7.435300   0.41895019 
   7.440200   0.41689819 
   7.445000   0.41490716 
   7.449900   0.41288618 
   7.454800   0.41087008 
   7.459700   0.40885342 
   7.464600   0.40683211 
   7.469500   0.40480349 
   7.474400   0.40276631 
   7.479200   0.40076253 
   7.484100   0.39871015 
   7.489000   0.39665364 
   7.493900   0.39459710 
   7.498800   0.39254582 
   7.503700   0.39050619 
   7.508500   0.38852658 
   7.513400   0.38653261 
   7.518300   0.38457470 
   7.523200   0.38266240 
   7.528100   0.38080569 
   7.533000   0.37901482 
   7.537900   0.37730010 
   7.542700   0.37570406 
   7.547600   0.37416999 
   7.552500   0.37274157 
   7.557400   0.37142765 
   7.562300   0.37023633 
   7.567200   0.36917468 
   7.572100   0.36824869 
   7.576900   0.36747765 
   7.581800   0.36683271 
   7.586700   0.36633319 
   7.591600   0.36597933 
   7.596500   0.36576971 
   7.601400   0.36570118 
   7.606300   0.36576889 
   7.611100   0.36596097 
   7.616000   0.36627732 
   7.620900   0.36670539 
   7.625800   0.36723375 
   7.630700   0.36784960 
   7.635600   0.36853880 
   7.640400   0.36927039 
   7.645300   0.37005893 
   7.650200   0.37087280 
   7.655100   0.37169453 
   7.660000   0.37250634 
   7.664900   0.37329038 
   7.669800   0.37402896 
   7.674600   0.37469173 
   7.679500   0.37528993 
   7.684400   0.37579323 
   7.689300   0.37618687 
   7.694200   0.37645736 
   7.699100   0.37659265 
   7.704000   0.37658224 
   7.708800   0.37642233 
   7.713700   0.37609939 
   7.718600   0.37561000 
   7.723500   0.37495093 
   7.728400   0.37412085 
   7.733300   0.37312028 
   7.738200   0.37195160 
   7.743000   0.37064768 
   7.747900   0.36915978 
   7.752800   0.36752059 
   7.757700   0.36573857 
   7.762600   0.36382340 
   7.767500   0.36178570 
   7.772300   0.35968178 
   7.777200   0.35743579 
   7.782100   0.35510288 
   7.787000   0.35269569 
   7.791900   0.35022689 
   7.796800   0.34770899 
   7.801700   0.34515423 
   7.806500   0.34262722 
   7.811400   0.34003370 
   7.816300   0.33743666 
   7.821200   0.33484590 
   7.826100   0.33227039 
   7.831000   0.32971823 
   7.835900   0.32719659 
   7.840700   0.32476206 
   7.845600   0.32231846 
   7.850500   0.31992139 
   7.855400   0.31757447 
   7.860300   0.31528049 
   7.865200   0.31304149 
   7.870100   0.31085879 
   7.874900   0.30877588 
   7.879800   0.30670611 
   7.884700   0.30469306 
   7.889600   0.30273593 
   7.894500   0.30083353 
   7.899400   0.29898439 
   7.904300   0.29718679 
   7.909100   0.29547403 
   7.914000   0.29377277 
   7.918900   0.29211712 
   7.923800   0.29050496 
   7.928700   0.28893419 
   7.933600   0.28740276 
   7.938400   0.28593884 
   7.943300   0.28447960 
   7.948200   0.28305416 
   7.953100   0.28166095 
   7.958000   0.28029853 
   7.962900   0.27896566 
   7.967800   0.27766125 
   7.972600   0.27641022 
   7.977500   0.27515976 
   7.982400   0.27393573 
   7.987300   0.27273780 
   7.992200   0.27156587 
   7.997100   0.27042001 
   8.002000   0.26930044 
   8.006800   0.26822961 
   8.011700   0.26716343 
   8.016600   0.26612516 
   8.021500   0.26511562 
   8.026400   0.26413568 
   8.031300   0.26318634 
   8.036200   0.26226861 
   8.041000   0.26140130 
   8.045900   0.26054932 
   8.050800   0.25973216 
   8.055700   0.25895083 
   8.060600   0.25820632 
   8.065500   0.25749952 
   8.070300   0.25684447 
   8.075200   0.25621455 
   8.080100   0.25562435 
   8.085000   0.25507427 
   8.089900   0.25456456 
   8.094800   0.25409530 
   8.099700   0.25366638 
   8.104500   0.25328508 
   8.109400   0.25293509 
   8.114300   0.25262415 
   8.119200   0.25235150 
   8.124100   0.25211623 
   8.129000   0.25191730 
   8.133900   0.25175351 
   8.138700   0.25162590 
   8.143600   0.25152781 
   8.148500   0.25146076 
   8.153400   0.25142324 
   8.158300   0.25141367 
   8.163200   0.25143045 
   8.168100   0.25147196 
   8.172900   0.25153503 
   8.177800   0.25162068 
   8.182700   0.25172619 
   8.187600   0.25184995 
   8.192500   0.25199033 
   8.197400   0.25214573 
   8.202200   0.25231097 
   8.207100   0.25249133 
   8.212000   0.25268187 
   8.216900   0.25288090 
   8.221800   0.25308670 
   8.226700   0.25329746 
   8.231600   0.25351133 
   8.236400   0.25372193 
   8.241300   0.25393599 
   8.246200   0.25414691 
   8.251100   0.25435234 
   8.256000   0.25454978 
   8.260900   0.25473655 
   8.265800   0.25490985 
   8.270600   0.25506367 
   8.275500   0.25520137 
   8.280400   0.25531630 
   8.285300   0.25540507 
   8.290200   0.25546423 
   8.295100   0.25549022 
   8.300000   0.25547947 
   8.304800   0.25542988 
   8.309700   0.25533589 
   8.314600   0.25519468 
   8.319500   0.25500293 
   8.324400   0.25475751 
   8.329300   0.25445553 
   8.334100   0.25410236 
   8.339000   0.25368104 
   8.343900   0.25319641 
   8.348800   0.25264700 
   8.353700   0.25203177 
   8.358600   0.25135021 
   8.363500   0.25060233 
   8.368300   0.24980593 
   8.373200   0.24892892 
   8.378100   0.24798888 
   8.383000   0.24698807 
   8.387900   0.24592928 
   8.392800   0.24481584 
   8.397700   0.24365160 
   8.402500   0.24246603 
   8.407400   0.24121442 
   8.412300   0.23992615 
   8.417200   0.23860670 
   8.422100   0.23726181 
   8.427000   0.23589746 
   8.431900   0.23451973 
   8.436700   0.23316307 
   8.441600   0.23177701 
   8.446500   0.23039582 
   8.451400   0.22902543 
   8.456300   0.22767150 
   8.461200   0.22633943 
   8.466000   0.22506059 
   8.470900   0.22378621 
   8.475800   0.22254736 
   8.480700   0.22134763 
   8.485600   0.22019008 
   8.490500   0.21907712 
   8.495400   0.21801057 
   8.500200   0.21701188 
   8.505100   0.21603996 
   8.510000   0.21511593 
   8.514900   0.21423902 
   8.519800   0.21340780 
   8.524700   0.21262022 
   8.529600   0.21187369 
   8.534400   0.21117916 
   8.539300   0.21050414 
   8.544200   0.20985940 
   8.549100   0.20924051 
   8.554000   0.20864271 
   8.558900   0.20806099 
   8.563800   0.20749013 
   8.568600   0.20693634 
   8.573500   0.20637125 
   8.578400   0.20580108 
   8.583300   0.20522055 
   8.588200   0.20462452 
   8.593100   0.20400805 
   8.597900   0.20337985 
   8.602800   0.20270945 
   8.607700   0.20200566 
   8.612600   0.20126486 
   8.617500   0.20048389 
   8.622400   0.19966002 
   8.627300   0.19879104 
   8.632100   0.19789440 
   8.637000   0.19693154 
   8.641900   0.19591997 
   8.646800   0.19485950 
   8.651700   0.19375049 
   8.656600   0.19259375 
   8.661500   0.19139060 
   8.666300   0.19016873 
   8.671200   0.18887939 
   8.676100   0.18755019 
   8.681000   0.18618412 
   8.685900   0.18478451 
   8.690800   0.18335498 
   8.695700   0.18189941 
   8.700500   0.18045225 
   8.705400   0.17895743 
   8.710300   0.17744929 
   8.715200   0.17593235 
   8.720100   0.17441116 
   8.725000   0.17289030 
   8.729800   0.17140515 
   8.734700   0.16989821 
   8.739600   0.16840481 
   8.744500   0.16692914 
   8.749400   0.16547518 
   8.754300   0.16404668 
   8.759200   0.16264715 
   8.764000   0.16130735 
   8.768900   0.15997430 
   8.773800   0.15867882 
   8.778700   0.15742310 
   8.783600   0.15620899 
   8.788500   0.15503794 
   8.793400   0.15391100 
   8.798200   0.15285048 
   8.803100   0.15181248 
   8.808000   0.15081946 
   8.812900   0.14987096 
   8.817800   0.14896616 
   8.822700   0.14810391 
   8.827600   0.14728274 
   8.832400   0.14651649 
   8.837300   0.14577124 
   8.842200   0.14506115 
   8.847100   0.14438377 
   8.852000   0.14373656 
   8.856900   0.14311682 
   8.861700   0.14253370 
   8.866600   0.14196016 
   8.871500   0.14140579 
   8.876400   0.14086781 
   8.881300   0.14034354 
   8.886200   0.13983038 
   8.891100   0.13932587 
   8.895900   0.13883784 
   8.900800   0.13834387 
   8.905700   0.13785231 
   8.910600   0.13736147 
   8.915500   0.13686991 
   8.920400   0.13637645 
   8.925300   0.13588017 
   8.930100   0.13539062 
   8.935000   0.13488700 
   8.939900   0.13437928 
   8.944800   0.13386753 
   8.949700   0.13335202 
   8.954600   0.13283325 
   8.959500   0.13231189 
   8.964300   0.13179948 
   8.969200   0.13127563 
   8.974100   0.13075210 
   8.979000   0.13023009 
   8.983900   0.12971086 
   8.988800   0.12919568 
   8.993600   0.12869621 
   8.998500   0.12819290 
   9.003400   0.12769745 
   9.008300   0.12721103 
   9.013200   0.12673470 
   9.018100   0.12626944 
   9.023000   0.12581606 
   9.027800   0.12538411 
   9.032700   0.12495607 
   9.037600   0.12454141 
   9.042500   0.12414026 
   9.047400   0.12375256 
   9.052300   0.12337803 
   9.057200   0.12301622 
   9.062000   0.12267348 
   9.066900   0.12233468 
   9.071800   0.12200603 
   9.076700   0.12168629 
   9.081600   0.12137408 
   9.086500   0.12106783 
   9.091400   0.12076586 
   9.096200   0.12047246 
   9.101100   0.12017354 
   9.106000   0.11987325 
   9.110900   0.11956956 
   9.115800   0.11926040 
   9.120700   0.11894372 
   9.125500   0.11862422 
   9.130400   0.11828662 
   9.135300   0.11793555 
   9.140200   0.11756916 
   9.145100   0.11718572 
   9.150000   0.11678365 
   9.154900   0.11636151 
   9.159700   0.11592734 
   9.164600   0.11546201 
   9.169500   0.11497350 
   9.174400   0.11446120 
   9.179300   0.11392475 
   9.184200   0.11336401 
   9.189100   0.11277912 
   9.193900   0.11218313 
   9.198800   0.11155183 
   9.203700   0.11089832 
   9.208600   0.11022374 
   9.213500   0.10952950 
   9.218400   0.10881725 
   9.223300   0.10808884 
   9.228100   0.10736164 
   9.233000   0.10660757 
   9.237900   0.10584407 
   9.242800   0.10507373 
   9.247700   0.10429928 
   9.252600   0.10352352 
   9.257400   0.10276512 
   9.262300   0.10199537 
   9.267200   0.10123308 
   9.272100   0.10048122 
   9.277000   0.09974274 
   9.281900   0.09902051 
   9.286800   0.09831736 
   9.291600   0.09764966 
   9.296500   0.09699212 
   9.301400   0.09636131 
   9.306300   0.09575949 
   9.311200   0.09518873 
   9.316100   0.09465090 
   9.321000   0.09414764 
   9.325800   0.09368954 
   9.330700   0.09325868 
   9.335600   0.09286591 
   9.340500   0.09251191 
   9.345400   0.09219712 
   9.350300   0.09192174 
   9.355200   0.09168569 
   9.360000   0.09149231 
   9.364900   0.09133301 
   9.369800   0.09121145 
   9.374700   0.09112664 
   9.379600   0.09107741 
   9.384500   0.09106237 
   9.389400   0.09107997 
   9.394200   0.09112721 
   9.399100   0.09120424 
   9.404000   0.09130840 
   9.408900   0.09143760 
   9.413800   0.09158967 
   9.418700   0.09176235 
   9.423500   0.09194927 
   9.428400   0.09215592 
   9.433300   0.09237624 
   9.438200   0.09260784 
   9.443100   0.09284840 
   9.448000   0.09309560 
   9.452900   0.09334716 
   9.457700   0.09359568 
   9.462600   0.09384943 
   9.467500   0.09410116 
   9.472400   0.09434892 
   9.477300   0.09459085 
   9.482200   0.09482517 
   9.487100   0.09505025 
   9.491900   0.09526031 
   9.496800   0.09546272 
   9.501700   0.09565172 
   9.506600   0.09582615 
   9.511500   0.09598499 
   9.516400   0.09612732 
   9.521300   0.09625237 
   9.526100   0.09635747 
   9.531000   0.09644644 
   9.535900   0.09651645 
   9.540800   0.09656713 
   9.545700   0.09659823 
   9.550600   0.09660955 
   9.555400   0.09660136 
   9.560300   0.09657326 
   9.565200   0.09652522 
   9.570100   0.09645732 
   9.575000   0.09636964 
   9.579900   0.09626232 
   9.584800   0.09613553 
   9.589600   0.09599262 
   9.594500   0.09582784 
   9.599400   0.09564418 
   9.604300   0.09544188 
   9.609200   0.09522117 
   9.614100   0.09498229 
   9.619000   0.09472549 
   9.623800   0.09445682 
   9.628700   0.09416536 
   9.633600   0.09385680 
   9.638500   0.09353145 
   9.643400   0.09318965 
   9.648300   0.09283175 
   9.653200   0.09245815 
   9.658000   0.09207736 
   9.662900   0.09167396 
   9.667800   0.09125626 
   9.672700   0.09082482 
   9.677600   0.09038026 
   9.682500   0.08992324 
   9.687300   0.08946419 
   9.692200   0.08898474 
   9.697100   0.08849518 
   9.702000   0.08799639 
   9.706900   0.08748933 
   9.711800   0.08697495 
   9.716700   0.08645429 
   9.721500   0.08593915 
   9.726400   0.08540909 
   9.731300   0.08487586 
   9.736200   0.08434049 
   9.741100   0.08380399 
   9.746000   0.08326734 
   9.750900   0.08273145 
   9.755700   0.08220805 
   9.760600   0.08167608 
   9.765500   0.08114711 
   9.770400   0.08062167 
   9.775300   0.08010016 
   9.780200   0.07958283 
   9.785100   0.07906976 
   9.789900   0.07857122 
   9.794800   0.07806615 
   9.799700   0.07756453 
   9.804600   0.07706570 
   9.809500   0.07656881 
   9.814400   0.07607281 
   9.819200   0.07558657 
   9.824100   0.07508842 
   9.829000   0.07458685 
   9.833900   0.07408005 
   9.838800   0.07356605 
   9.843700   0.07304274 
   9.848600   0.07250788 
   9.853400   0.07197047 
   9.858300   0.07140572 
   9.863200   0.07082219 
   9.868100   0.07021735 
   9.873000   0.06958869 
   9.877900   0.06893370 
   9.882800   0.06824996 
   9.887600   0.06755001 
   9.892500   0.06680251 
   9.897400   0.06601963 
   9.902300   0.06519947 
   9.907200   0.06434036 
   9.912100   0.06344083 
   9.917000   0.06249970 
   9.921800   0.06153657 
   9.926700   0.06051073 
   9.931600   0.05944151 
   9.936500   0.05832898 
   9.941400   0.05717354 
   9.946300   0.05597593 
   9.951100   0.05476295 
   9.956000   0.05348546 
   9.960900   0.05217012 
   9.965800   0.05081905 
   9.970700   0.04943470 
   9.975600   0.04801979 
   9.980500   0.04657736 
   9.985300   0.04514082 
   9.990200   0.04365376 
   9.995100   0.04214955 
  10.000000   0.04063204 
 