    0.0000E+00   8.43551E-02 0.7071
    9.7561E-03   1.34087E+03 0.0056
    1.9512E-02   5.41559E+01 0.0279
    2.9268E-02   6.54173E+01 0.0254
    3.9024E-02   7.89563E+01 0.0231
    4.8780E-02   1.35095E+02 0.0177
    5.8537E-02   2.27970E+02 0.0136
    6.8293E-02   2.14431E+02 0.0140
    7.8049E-02   2.13587E+02 0.0141
    8.7805E-02   2.02747E+02 0.0144
    9.7561E-02   2.01946E+02 0.0145
    1.0732E-01   1.70439E+02 0.0157
    1.1707E-01   1.57533E+02 0.0164
    1.2683E-01   1.44036E+02 0.0171
    1.3659E-01   1.29021E+02 0.0181
    1.4634E-01   1.16241E+02 0.0190
    1.5610E-01   1.06667E+02 0.0199
    1.6585E-01   8.92055E+01 0.0217
    1.7561E-01   8.92477E+01 0.0217
    1.8537E-01   8.19931E+01 0.0227
    1.9512E-01   7.63413E+01 0.0235
    2.0488E-01   8.46081E+01 0.0223
    2.1463E-01   6.87916E+01 0.0248
    2.2439E-01   6.25915E+01 0.0260
    2.3415E-01   6.24227E+01 0.0260
    2.4390E-01   5.76989E+01 0.0270
    2.5366E-01   5.10770E+01 0.0287
    2.6341E-01   4.76606E+01 0.0297
    2.7317E-01   4.34429E+01 0.0312
    2.8293E-01   4.14605E+01 0.0319
    2.9268E-01   3.80020E+01 0.0333
    3.0244E-01   3.53869E+01 0.0345
    3.1220E-01   3.43747E+01 0.0350
    3.2195E-01   3.29407E+01 0.0358
    3.3171E-01   3.08318E+01 0.0370
    3.4146E-01   3.07052E+01 0.0371
    3.5122E-01   2.85120E+01 0.0385
    3.6098E-01   2.64875E+01 0.0399
    3.7073E-01   2.50956E+01 0.0410
    3.8049E-01   2.53487E+01 0.0408
    3.9024E-01   2.28180E+01 0.0430
    4.0000E-01   2.32820E+01 0.0426
    4.0976E-01   1.99921E+01 0.0459
    4.1951E-01   2.68671E+01 0.0396
    4.2927E-01   2.23541E+01 0.0434
    4.3902E-01   2.27759E+01 0.0430
    4.4878E-01   2.53065E+01 0.0408
    4.5854E-01   1.87268E+01 0.0475
    4.6829E-01   2.04561E+01 0.0454
    4.7805E-01   6.80324E+01 0.0249
    4.8780E-01   1.65758E+01 0.0504
    4.9756E-01   1.56057E+01 0.0520
    5.0732E-01   1.70397E+01 0.0498
    5.1707E-01   3.55135E+01 0.0345
    5.2683E-01   2.12153E+01 0.0446
    5.3659E-01   1.44669E+01 0.0540
    5.4634E-01   1.29485E+01 0.0571
    5.5610E-01   1.34546E+01 0.0560
    5.6585E-01   1.36655E+01 0.0556
    5.7561E-01   1.27798E+01 0.0574
    5.8537E-01   1.16410E+01 0.0602
    5.9512E-01   1.23580E+01 0.0584
    6.0488E-01   1.10083E+01 0.0619
    6.1463E-01   1.28641E+01 0.0573
    6.2439E-01   1.29907E+01 0.0570
    6.3415E-01   1.20206E+01 0.0592
    6.4390E-01   1.06709E+01 0.0629
    6.5366E-01   1.09662E+01 0.0620
    6.6341E-01   1.03757E+01 0.0638
    6.7317E-01   1.09662E+01 0.0620
    6.8293E-01   1.07974E+01 0.0625
    6.9268E-01   9.61648E+00 0.0662
    7.0244E-01   9.70083E+00 0.0659
    7.1220E-01   1.03335E+01 0.0639
    7.2195E-01   8.14026E+00 0.0720
    7.3171E-01   8.73075E+00 0.0695
    7.4146E-01   8.73075E+00 0.0695
    7.5122E-01   1.04600E+01 0.0635
    7.6098E-01   8.35115E+00 0.0711
    7.7073E-01   1.01226E+01 0.0645
    7.8049E-01   9.36341E+00 0.0671
    7.9024E-01   1.76724E+01 0.0489
    8.0000E-01   9.48994E+00 0.0667
    8.0976E-01   8.14026E+00 0.0720
    8.1951E-01   7.29671E+00 0.0760
    8.2927E-01   7.88720E+00 0.0731
    8.3902E-01   6.70623E+00 0.0793
    8.4878E-01   1.30329E+01 0.0569
    8.5854E-01   6.79058E+00 0.0788
    8.6829E-01   7.21236E+00 0.0765
    8.7805E-01   9.57430E+00 0.0664
    8.8780E-01   7.97155E+00 0.0727
    8.9756E-01   7.29671E+00 0.0760
    9.0732E-01   6.45316E+00 0.0808
    9.1707E-01   7.08583E+00 0.0772
    9.2683E-01   6.32663E+00 0.0816
    9.3659E-01   6.45316E+00 0.0808
    9.4634E-01   6.32663E+00 0.0816
    9.5610E-01   5.82050E+00 0.0851
    9.6585E-01   6.24227E+00 0.0822
    9.7561E-01   5.94703E+00 0.0842
    9.8537E-01   5.82050E+00 0.0851
    9.9512E-01   6.41098E+00 0.0811
    1.0049E+00   5.44090E+00 0.0880
    1.0146E+00   1.94438E+01 0.0466
    1.0244E+00   5.39872E+00 0.0884
    1.0341E+00   4.04904E+00 0.1021
    1.0439E+00   5.73614E+00 0.0857
    1.0537E+00   5.86268E+00 0.0848
    1.0634E+00   6.45316E+00 0.0808
    1.0732E+00   5.90485E+00 0.0845
    1.0829E+00   5.73614E+00 0.0857
    1.0927E+00   4.80824E+00 0.0937
    1.1024E+00   5.82050E+00 0.0851
    1.1122E+00   4.89259E+00 0.0928
    1.1220E+00   5.77832E+00 0.0854
    1.1317E+00   5.31437E+00 0.0891
    1.1415E+00   5.23001E+00 0.0898
    1.1512E+00   5.65179E+00 0.0864
    1.1610E+00   5.06130E+00 0.0913
    1.1707E+00   1.33703E+01 0.0562
    1.1805E+00   4.25993E+00 0.0995
    1.1902E+00   5.90485E+00 0.0845
    1.2000E+00   5.31437E+00 0.0891
    1.2098E+00   7.46542E+00 0.0752
    1.2195E+00   5.06130E+00 0.0913
    1.2293E+00   4.38646E+00 0.0981
    1.2390E+00   5.69397E+00 0.0861
    1.2488E+00   4.89259E+00 0.0928
    1.2585E+00   4.89259E+00 0.0928
    1.2683E+00   4.72388E+00 0.0945
    1.2780E+00   4.80824E+00 0.0937
    1.2878E+00   5.77832E+00 0.0854
    1.2976E+00   4.68171E+00 0.0949
    1.3073E+00   4.47082E+00 0.0971
    1.3171E+00   3.92251E+00 0.1037
    1.3268E+00   4.72388E+00 0.0945
    1.3366E+00   5.52526E+00 0.0874
    1.3463E+00   5.31437E+00 0.0891
    1.3561E+00   4.47082E+00 0.0971
    1.3659E+00   4.97695E+00 0.0921
    1.3756E+00   5.01913E+00 0.0917
    1.3854E+00   4.55517E+00 0.0962
    1.3951E+00   4.38646E+00 0.0981
    1.4049E+00   4.42864E+00 0.0976
    1.4146E+00   4.30211E+00 0.0990
    1.4244E+00   4.59735E+00 0.0958
    1.4341E+00   4.38646E+00 0.0981
    1.4439E+00   4.72388E+00 0.0945
    1.4537E+00   4.59735E+00 0.0958
    1.4634E+00   4.72388E+00 0.0945
    1.4732E+00   4.51300E+00 0.0967
    1.4829E+00   4.38646E+00 0.0981
    1.4927E+00   4.00687E+00 0.1026
    1.5024E+00   4.85042E+00 0.0933
    1.5122E+00   4.34429E+00 0.0985
    1.5220E+00   5.10348E+00 0.0909
    1.5317E+00   3.75380E+00 0.1060
    1.5415E+00   4.59735E+00 0.0958
    1.5512E+00   4.21775E+00 0.1000
    1.5610E+00   3.83816E+00 0.1048
    1.5707E+00   4.17558E+00 0.1005
    1.5805E+00   3.37420E+00 0.1118
    1.5902E+00   4.30211E+00 0.0990
    1.6000E+00   3.92251E+00 0.1037
    1.6098E+00   4.72388E+00 0.0945
    1.6195E+00   3.88033E+00 0.1043
    1.6293E+00   4.47082E+00 0.0971
    1.6390E+00   4.04904E+00 0.1021
    1.6488E+00   4.34429E+00 0.0985
    1.6585E+00   4.42864E+00 0.0976
    1.6683E+00   3.37420E+00 0.1118
    1.6780E+00   4.42864E+00 0.0976
    1.6878E+00   4.21775E+00 0.1000
    1.6976E+00   4.59735E+00 0.0958
    1.7073E+00   4.68171E+00 0.0949
    1.7171E+00   1.00804E+01 0.0647
    1.7268E+00   6.87494E+00 0.0783
    1.7366E+00   4.00687E+00 0.1026
    1.7463E+00   3.66945E+00 0.1072
    1.7561E+00   3.83816E+00 0.1048
    1.7659E+00   4.09122E+00 0.1015
    1.7756E+00   4.21775E+00 0.1000
    1.7854E+00   3.62727E+00 0.1078
    1.7951E+00   3.83816E+00 0.1048
    1.8049E+00   3.50073E+00 0.1098
    1.8146E+00   3.79598E+00 0.1054
    1.8244E+00   3.66945E+00 0.1072
    1.8341E+00   3.66945E+00 0.1072
    1.8439E+00   3.83816E+00 0.1048
    1.8537E+00   3.75380E+00 0.1060
    1.8634E+00   3.45856E+00 0.1104
    1.8732E+00   3.41638E+00 0.1111
    1.8829E+00   4.21775E+00 0.1000
    1.8927E+00   3.92251E+00 0.1037
    1.9024E+00   3.41638E+00 0.1111
    1.9122E+00   3.62727E+00 0.1078
    1.9220E+00   3.54291E+00 0.1091
    1.9317E+00   3.37420E+00 0.1118
    1.9415E+00   5.01913E+00 0.0917
    1.9512E+00   8.09809E+00 0.0722
    1.9610E+00   7.33889E+00 0.0758
    1.9707E+00   3.83816E+00 0.1048
    1.9805E+00   3.92251E+00 0.1037
    1.9902E+00   4.17558E+00 0.1005
    2.0000E+00   3.12114E+00 0.1162
    2.0098E+00   3.20549E+00 0.1147
    2.0195E+00   2.82589E+00 0.1222
    2.0293E+00   3.71162E+00 0.1066
    2.0390E+00   2.82589E+00 0.1222
    2.0488E+00   2.53065E+00 0.1291
    2.0585E+00   2.61501E+00 0.1270
    2.0683E+00   2.91025E+00 0.1204
    2.0780E+00   2.23541E+00 0.1374
    2.0878E+00   2.44630E+00 0.1313
    2.0976E+00   2.57283E+00 0.1280
    2.1073E+00   1.56057E+00 0.1644
    2.1171E+00   2.36194E+00 0.1336
    2.1268E+00   2.27759E+00 0.1361
    2.1366E+00   2.53065E+00 0.1291
    2.1463E+00   2.36194E+00 0.1336
    2.1561E+00   2.65718E+00 0.1260
    2.1659E+00   3.07896E+00 0.1170
    2.1756E+00   2.19323E+00 0.1387
    2.1854E+00   2.15105E+00 0.1400
    2.1951E+00   2.40412E+00 0.1325
    2.2049E+00   1.68710E+00 0.1581
    2.2146E+00   8.89946E+00 0.0688
    2.2244E+00   2.44630E+00 0.1313
    2.2341E+00   5.47464E+01 0.0278
    2.2439E+00   1.89799E+00 0.1491
    2.2537E+00   1.72928E+00 0.1562
    2.2634E+00   2.06670E+00 0.1429
    2.2732E+00   2.06670E+00 0.1429
    2.2829E+00   2.31976E+00 0.1348
    2.2927E+00   2.06670E+00 0.1429
    2.3024E+00   1.94017E+00 0.1474
    2.3122E+00   2.27759E+00 0.1361
    2.3220E+00   1.98234E+00 0.1459
    2.3317E+00   2.06670E+00 0.1429
    2.3415E+00   1.77146E+00 0.1543
    2.3512E+00   1.85581E+00 0.1508
    2.3610E+00   2.23541E+00 0.1374
    2.3707E+00   1.94017E+00 0.1474
    2.3805E+00   1.72928E+00 0.1562
    2.3902E+00   1.39186E+00 0.1741
    2.4000E+00   1.64492E+00 0.1601
    2.4098E+00   1.68710E+00 0.1581
    2.4195E+00   1.56057E+00 0.1644
    2.4293E+00   1.98234E+00 0.1459
    2.4390E+00   1.77146E+00 0.1543
    2.4488E+00   1.72928E+00 0.1562
    2.4585E+00   1.60275E+00 0.1622
    2.4683E+00   1.72928E+00 0.1562
    2.4780E+00   2.31976E+00 0.1348
    2.4878E+00   2.23541E+00 0.1374
    2.4976E+00   2.31976E+00 0.1348
    2.5073E+00   2.06670E+00 0.1429
    2.5171E+00   2.19323E+00 0.1387
    2.5268E+00   1.43404E+00 0.1715
    2.5366E+00   1.60275E+00 0.1622
    2.5463E+00   1.51839E+00 0.1667
    2.5561E+00   2.27759E+00 0.1361
    2.5659E+00   1.34968E+00 0.1768
    2.5756E+00   1.30750E+00 0.1796
    2.5854E+00   1.94017E+00 0.1474
    2.5951E+00   2.15105E+00 0.1400
    2.6049E+00   1.56057E+00 0.1644
    2.6146E+00   1.72928E+00 0.1562
    2.6244E+00   1.85581E+00 0.1508
    2.6341E+00   1.26533E+00 0.1826
    2.6439E+00   1.68710E+00 0.1581
    2.6537E+00   1.94017E+00 0.1474
    2.6634E+00   1.85581E+00 0.1508
    2.6732E+00   2.10888E+00 0.1414
    2.6829E+00   1.56057E+00 0.1644
    2.6927E+00   1.56057E+00 0.1644
    2.7024E+00   2.02452E+00 0.1443
    2.7122E+00   1.81363E+00 0.1525
    2.7220E+00   1.22315E+00 0.1857
    2.7317E+00   1.98234E+00 0.1459
    2.7415E+00   1.94017E+00 0.1474
    2.7512E+00   1.34968E+00 0.1768
    2.7610E+00   1.05444E+00 0.2000
    2.7707E+00   1.22315E+00 0.1857
    2.7805E+00   1.64492E+00 0.1601
    2.7902E+00   1.51839E+00 0.1667
    2.8000E+00   1.01226E+00 0.2041
    2.8098E+00   1.94017E+00 0.1474
    2.8195E+00   1.30750E+00 0.1796
    2.8293E+00   1.26533E+00 0.1826
    2.8390E+00   1.34968E+00 0.1768
    2.8488E+00   1.72928E+00 0.1562
    2.8585E+00   1.13879E+00 0.1925
    2.8683E+00   2.19323E+00 0.1387
    2.8780E+00   1.47621E+00 0.1690
    2.8878E+00   1.22315E+00 0.1857
    2.8976E+00   1.34968E+00 0.1768
    2.9073E+00   1.05444E+00 0.2000
    2.9171E+00   1.18097E+00 0.1890
    2.9268E+00   1.01226E+00 0.2041
    2.9366E+00   1.01226E+00 0.2041
    2.9463E+00   9.70083E-01 0.2085
    2.9561E+00   1.47621E+00 0.1690
    2.9659E+00   1.18097E+00 0.1890
    2.9756E+00   1.39186E+00 0.1741
    2.9854E+00   2.95243E+00 0.1195
    2.9951E+00   1.81363E+00 0.1525
    3.0049E+00   4.13340E+00 0.1010
    3.0146E+00   8.01373E-01 0.2294
    3.0244E+00   1.09662E+00 0.1961
    3.0341E+00   1.22315E+00 0.1857
    3.0439E+00   1.56057E+00 0.1644
    3.0537E+00   1.39186E+00 0.1741
    3.0634E+00   1.89799E+00 0.1491
    3.0732E+00   1.09662E+00 0.1961
    3.0829E+00   1.26533E+00 0.1826
    3.0927E+00   1.18097E+00 0.1890
    3.1024E+00   1.43404E+00 0.1715
    3.1122E+00   1.26533E+00 0.1826
    3.1220E+00   1.47621E+00 0.1690
    3.1317E+00   1.01226E+00 0.2041
    3.1415E+00   1.30750E+00 0.1796
    3.1512E+00   1.22315E+00 0.1857
    3.1610E+00   1.18097E+00 0.1890
    3.1707E+00   1.43404E+00 0.1715
    3.1805E+00   1.01226E+00 0.2041
    3.1902E+00   8.01373E-01 0.2294
    3.2000E+00   1.09662E+00 0.1961
    3.2098E+00   8.01373E-01 0.2294
    3.2195E+00   8.85728E-01 0.2182
    3.2293E+00   1.05444E+00 0.2000
    3.2390E+00   1.39186E+00 0.1741
    3.2488E+00   1.22315E+00 0.1857
    3.2585E+00   1.01226E+00 0.2041
    3.2683E+00   9.70083E-01 0.2085
    3.2780E+00   9.70083E-01 0.2085
    3.2878E+00   1.01226E+00 0.2041
    3.2976E+00   1.13879E+00 0.1925
    3.3073E+00   1.09662E+00 0.1961
    3.3171E+00   1.34968E+00 0.1768
    3.3268E+00   9.70083E-01 0.2085
    3.3366E+00   1.13879E+00 0.1925
    3.3463E+00   8.85728E-01 0.2182
    3.3561E+00   1.05444E+00 0.2000
    3.3659E+00   9.27906E-01 0.2132
    3.3756E+00   1.26533E+00 0.1826
    3.3854E+00   1.05444E+00 0.2000
    3.3951E+00   1.39186E+00 0.1741
    3.4049E+00   1.22315E+00 0.1857
    3.4146E+00   1.09662E+00 0.1961
    3.4244E+00   1.22315E+00 0.1857
    3.4341E+00   1.13879E+00 0.1925
    3.4439E+00   1.01226E+00 0.2041
    3.4537E+00   1.64492E+00 0.1601
    3.4634E+00   7.17018E-01 0.2425
    3.4732E+00   1.43404E+00 0.1715
    3.4829E+00   1.09662E+00 0.1961
    3.4927E+00   7.59196E-01 0.2357
    3.5024E+00   9.70083E-01 0.2085
    3.5122E+00   1.05444E+00 0.2000
    3.5220E+00   9.27906E-01 0.2132
    3.5317E+00   7.59196E-01 0.2357
    3.5415E+00   8.43551E-01 0.2236
    3.5512E+00   8.85728E-01 0.2182
    3.5610E+00   1.01226E+00 0.2041
    3.5707E+00   9.27906E-01 0.2132
    3.5805E+00   6.32663E-01 0.2582
    3.5902E+00   1.18097E+00 0.1890
    3.6000E+00   9.70083E-01 0.2085
    3.6098E+00   1.05444E+00 0.2000
    3.6195E+00   8.01373E-01 0.2294
    3.6293E+00   1.47621E+00 0.1690
    3.6390E+00   7.59196E-01 0.2357
    3.6488E+00   8.01373E-01 0.2294
    3.6585E+00   9.70083E-01 0.2085
    3.6683E+00   6.32663E-01 0.2582
    3.6780E+00   1.26533E+00 0.1826
    3.6878E+00   7.17018E-01 0.2425
    3.6976E+00   8.85728E-01 0.2182
    3.7073E+00   9.70083E-01 0.2085
    3.7171E+00   8.85728E-01 0.2182
    3.7268E+00   1.09662E+00 0.1961
    3.7366E+00   1.09662E+00 0.1961
    3.7463E+00   8.43551E-01 0.2236
    3.7561E+00   1.01226E+00 0.2041
    3.7659E+00   1.05444E+00 0.2000
    3.7756E+00   7.59196E-01 0.2357
    3.7854E+00   1.01226E+00 0.2041
    3.7951E+00   1.01226E+00 0.2041
    3.8049E+00   8.85728E-01 0.2182
    3.8146E+00   9.27906E-01 0.2132
    3.8244E+00   1.30750E+00 0.1796
    3.8341E+00   7.59196E-01 0.2357
    3.8439E+00   1.09662E+00 0.1961
    3.8537E+00   1.01226E+00 0.2041
    3.8634E+00   1.22315E+00 0.1857
    3.8732E+00   7.59196E-01 0.2357
    3.8829E+00   1.22315E+00 0.1857
    3.8927E+00   1.18097E+00 0.1890
    3.9024E+00   7.59196E-01 0.2357
    3.9122E+00   4.21775E-01 0.3162
    3.9220E+00   9.27906E-01 0.2132
    3.9317E+00   8.85728E-01 0.2182
    3.9415E+00   7.59196E-01 0.2357
    3.9512E+00   5.48308E-01 0.2774
    3.9610E+00   1.05444E+00 0.2000
    3.9707E+00   7.59196E-01 0.2357
    3.9805E+00   8.43551E-01 0.2236
    3.9902E+00   1.18097E+00 0.1890
    4.0000E+00   7.59196E-01 0.2357
    4.0098E+00   8.01373E-01 0.2294
    4.0195E+00   8.43551E-01 0.2236
    4.0293E+00   7.17018E-01 0.2425
    4.0390E+00   6.32663E-01 0.2582
    4.0488E+00   7.59196E-01 0.2357
    4.0585E+00   8.01373E-01 0.2294
    4.0683E+00   7.59196E-01 0.2357
    4.0780E+00   7.59196E-01 0.2357
    4.0878E+00   8.85728E-01 0.2182
    4.0976E+00   8.01373E-01 0.2294
    4.1073E+00   1.05444E+00 0.2000
    4.1171E+00   6.74840E-01 0.2500
    4.1268E+00   1.22315E+00 0.1857
    4.1366E+00   8.85728E-01 0.2182
    4.1463E+00   8.85728E-01 0.2182
    4.1561E+00   6.32663E-01 0.2582
    4.1659E+00   6.74840E-01 0.2500
    4.1756E+00   9.70083E-01 0.2085
    4.1854E+00   1.01226E+00 0.2041
    4.1951E+00   6.32663E-01 0.2582
    4.2049E+00   8.85728E-01 0.2182
    4.2146E+00   8.01373E-01 0.2294
    4.2244E+00   1.39186E+00 0.1741
    4.2341E+00   5.06130E-01 0.2887
    4.2439E+00   9.70083E-01 0.2085
    4.2537E+00   5.06130E-01 0.2887
    4.2634E+00   8.85728E-01 0.2182
    4.2732E+00   5.48308E-01 0.2774
    4.2829E+00   6.32663E-01 0.2582
    4.2927E+00   8.01373E-01 0.2294
    4.3024E+00   7.17018E-01 0.2425
    4.3122E+00   5.90485E-01 0.2673
    4.3220E+00   5.48308E-01 0.2774
    4.3317E+00   2.53065E-01 0.4082
    4.3415E+00   8.01373E-01 0.2294
    4.3512E+00   5.90485E-01 0.2673
    4.3610E+00   6.32663E-01 0.2582
    4.3707E+00   6.74840E-01 0.2500
    4.3805E+00   5.06130E-01 0.2887
    4.3902E+00   7.17018E-01 0.2425
    4.4000E+00   4.63953E-01 0.3015
    4.4098E+00   5.06130E-01 0.2887
    4.4195E+00   1.13879E+00 0.1925
    4.4293E+00   8.01373E-01 0.2294
    4.4390E+00   1.09662E+00 0.1961
    4.4488E+00   7.17018E-01 0.2425
    4.4585E+00   5.90485E-01 0.2673
    4.4683E+00   4.21775E-01 0.3162
    4.4780E+00   1.05444E+00 0.2000
    4.4878E+00   7.59196E-01 0.2357
    4.4976E+00   8.01373E-01 0.2294
    4.5073E+00   7.17018E-01 0.2425
    4.5171E+00   6.74840E-01 0.2500
    4.5268E+00   8.85728E-01 0.2182
    4.5366E+00   6.74840E-01 0.2500
    4.5463E+00   5.48308E-01 0.2774
    4.5561E+00   7.17018E-01 0.2425
    4.5659E+00   6.74840E-01 0.2500
    4.5756E+00   5.48308E-01 0.2774
    4.5854E+00   7.17018E-01 0.2425
    4.5951E+00   7.59196E-01 0.2357
    4.6049E+00   6.74840E-01 0.2500
    4.6146E+00   7.17018E-01 0.2425
    4.6244E+00   6.74840E-01 0.2500
    4.6341E+00   1.01226E+00 0.2041
    4.6439E+00   8.85728E-01 0.2182
    4.6537E+00   4.21775E-01 0.3162
    4.6634E+00   7.59196E-01 0.2357
    4.6732E+00   5.06130E-01 0.2887
    4.6829E+00   8.01373E-01 0.2294
    4.6927E+00   5.90485E-01 0.2673
    4.7024E+00   1.68710E+00 0.1581
    4.7122E+00   4.63953E-01 0.3015
    4.7220E+00   4.21775E-01 0.3162
    4.7317E+00   6.74840E-01 0.2500
    4.7415E+00   8.43551E-01 0.2236
    4.7512E+00   8.85728E-01 0.2182
    4.7610E+00   8.01373E-01 0.2294
    4.7707E+00   4.21775E-01 0.3162
    4.7805E+00   6.32663E-01 0.2582
    4.7902E+00   7.17018E-01 0.2425
    4.8000E+00   8.85728E-01 0.2182
    4.8098E+00   3.79598E-01 0.3333
    4.8195E+00   5.48308E-01 0.2774
    4.8293E+00   8.43551E-01 0.2236
    4.8390E+00   5.06130E-01 0.2887
    4.8488E+00   5.06130E-01 0.2887
    4.8585E+00   2.95243E-01 0.3780
    4.8683E+00   7.17018E-01 0.2425
    4.8780E+00   4.63953E-01 0.3015
    4.8878E+00   7.17018E-01 0.2425
    4.8976E+00   5.06130E-01 0.2887
    4.9073E+00   7.59196E-01 0.2357
    4.9171E+00   6.32663E-01 0.2582
    4.9268E+00   7.59196E-01 0.2357
    4.9366E+00   6.74840E-01 0.2500
    4.9463E+00   1.18097E+00 0.1890
    4.9561E+00   8.01373E-01 0.2294
    4.9659E+00   8.01373E-01 0.2294
    4.9756E+00   8.01373E-01 0.2294
    4.9854E+00   9.27906E-01 0.2132
    4.9951E+00   8.43551E-01 0.2236
    5.0049E+00   5.06130E-01 0.2887
    5.0146E+00   7.59196E-01 0.2357
    5.0244E+00   2.95243E-01 0.3780
    5.0341E+00   5.06130E-01 0.2887
    5.0439E+00   4.21775E-01 0.3162
    5.0537E+00   6.32663E-01 0.2582
    5.0634E+00   4.21775E-01 0.3162
    5.0732E+00   1.05444E+00 0.2000
    5.0829E+00   5.48308E-01 0.2774
    5.0927E+00   1.56057E+00 0.1644
    5.1024E+00   5.06130E-01 0.2887
    5.1122E+00   9.27906E-01 0.2132
    5.1220E+00   6.74840E-01 0.2500
    5.1317E+00   7.17018E-01 0.2425
    5.1415E+00   7.17018E-01 0.2425
    5.1512E+00   6.74840E-01 0.2500
    5.1610E+00   4.63953E-01 0.3015
    5.1707E+00   6.74840E-01 0.2500
    5.1805E+00   4.63953E-01 0.3015
    5.1902E+00   4.21775E-01 0.3162
    5.2000E+00   6.32663E-01 0.2582
    5.2098E+00   1.98234E+00 0.1459
    5.2195E+00   8.43551E-01 0.2236
    5.2293E+00   8.01373E-01 0.2294
    5.2390E+00   2.95243E-01 0.3780
    5.2488E+00   9.27906E-01 0.2132
    5.2585E+00   6.32663E-01 0.2582
    5.2683E+00   7.17018E-01 0.2425
    5.2780E+00   6.74840E-01 0.2500
    5.2878E+00   5.48308E-01 0.2774
    5.2976E+00   6.74840E-01 0.2500
    5.3073E+00   5.48308E-01 0.2774
    5.3171E+00   6.74840E-01 0.2500
    5.3268E+00   3.79598E-01 0.3333
    5.3366E+00   8.01373E-01 0.2294
    5.3463E+00   7.17018E-01 0.2425
    5.3561E+00   5.48308E-01 0.2774
    5.3659E+00   3.79598E-01 0.3333
    5.3756E+00   1.01226E+00 0.2041
    5.3854E+00   4.63953E-01 0.3015
    5.3951E+00   1.05444E+00 0.2000
    5.4049E+00   3.79598E-01 0.3333
    5.4146E+00   4.21775E-01 0.3162
    5.4244E+00   7.17018E-01 0.2425
    5.4341E+00   5.90485E-01 0.2673
    5.4439E+00   8.01373E-01 0.2294
    5.4537E+00   4.21775E-01 0.3162
    5.4634E+00   3.79598E-01 0.3333
    5.4732E+00   4.63953E-01 0.3015
    5.4829E+00   7.17018E-01 0.2425
    5.4927E+00   4.21775E-01 0.3162
    5.5024E+00   3.37420E-01 0.3536
    5.5122E+00   2.95243E-01 0.3780
    5.5220E+00   1.01226E+00 0.2041
    5.5317E+00   5.06130E-01 0.2887
    5.5415E+00   1.68710E-01 0.5000
    5.5512E+00   5.90485E-01 0.2673
    5.5610E+00   8.01373E-01 0.2294
    5.5707E+00   3.37420E-01 0.3536
    5.5805E+00   5.48308E-01 0.2774
    5.5902E+00   5.06130E-01 0.2887
    5.6000E+00   4.51300E+00 0.0967
    5.6098E+00   7.17018E-01 0.2425
    5.6195E+00   5.90485E-01 0.2673
    5.6293E+00   4.63953E-01 0.3015
    5.6390E+00   7.59196E-01 0.2357
    5.6488E+00   5.48308E-01 0.2774
    5.6585E+00   6.32663E-01 0.2582
    5.6683E+00   3.37420E-01 0.3536
    5.6780E+00   4.63953E-01 0.3015
    5.6878E+00   8.43551E-01 0.2236
    5.6976E+00   1.05444E+00 0.2000
    5.7073E+00   4.63953E-01 0.3015
    5.7171E+00   1.68710E+00 0.1581
    5.7268E+00   5.06130E-01 0.2887
    5.7366E+00   3.79598E-01 0.3333
    5.7463E+00   5.48308E-01 0.2774
    5.7561E+00   6.74840E-01 0.2500
    5.7659E+00   5.06130E-01 0.2887
    5.7756E+00   4.21775E-01 0.3162
    5.7854E+00   2.95243E-01 0.3780
    5.7951E+00   6.74840E-01 0.2500
    5.8049E+00   2.95243E-01 0.3780
    5.8146E+00   6.32663E-01 0.2582
    5.8244E+00   5.06130E-01 0.2887
    5.8341E+00   7.17018E-01 0.2425
    5.8439E+00   4.21775E-01 0.3162
    5.8537E+00   3.79598E-01 0.3333
    5.8634E+00   3.37420E-01 0.3536
    5.8732E+00   8.01373E-01 0.2294
    5.8829E+00   6.32663E-01 0.2582
    5.8927E+00   6.74840E-01 0.2500
    5.9024E+00   5.06130E-01 0.2887
    5.9122E+00   7.59196E-01 0.2357
    5.9220E+00   5.90485E-01 0.2673
    5.9317E+00   3.37420E-01 0.3536
    5.9415E+00   4.63953E-01 0.3015
    5.9512E+00   6.74840E-01 0.2500
    5.9610E+00   4.21775E-01 0.3162
    5.9707E+00   3.79598E-01 0.3333
    5.9805E+00   2.95243E-01 0.3780
    5.9902E+00   2.53065E-01 0.4082
    6.0000E+00   2.95243E-01 0.3780
    6.0098E+00   2.95243E-01 0.3780
    6.0195E+00   4.63953E-01 0.3015
    6.0293E+00   5.48308E-01 0.2774
    6.0390E+00   5.06130E-01 0.2887
    6.0488E+00   4.21775E-01 0.3162
    6.0585E+00   2.53065E-01 0.4082
    6.0683E+00   3.37420E-01 0.3536
    6.0780E+00   4.21775E-01 0.3162
    6.0878E+00   6.32663E-01 0.2582
    6.0976E+00   1.68710E-01 0.5000
    6.1073E+00   4.21775E-01 0.3162
    6.1171E+00   5.65179E+00 0.0864
    6.1268E+00   3.37420E-01 0.3536
    6.1366E+00   2.53065E-01 0.4082
    6.1463E+00   3.37420E-01 0.3536
    6.1561E+00   2.53065E-01 0.4082
    6.1659E+00   2.53065E-01 0.4082
    6.1756E+00   4.21775E-01 0.3162
    6.1854E+00   7.17018E-01 0.2425
    6.1951E+00   3.79598E-01 0.3333
    6.2049E+00   4.21775E-01 0.3162
    6.2146E+00   1.68710E-01 0.5000
    6.2244E+00   2.10888E-01 0.4472
    6.2341E+00   5.06130E-01 0.2887
    6.2439E+00   3.37420E-01 0.3536
    6.2537E+00   4.21775E-01 0.3162
    6.2634E+00   2.53065E-01 0.4082
    6.2732E+00   8.01373E-01 0.2294
    6.2829E+00   2.95243E-01 0.3780
    6.2927E+00   3.79598E-01 0.3333
    6.3024E+00   4.21775E-01 0.3162
    6.3122E+00   2.95243E-01 0.3780
    6.3220E+00   4.21775E-01 0.3162
    6.3317E+00   4.21775E-01 0.3162
    6.3415E+00   2.95243E-01 0.3780
    6.3512E+00   2.10888E-01 0.4472
    6.3610E+00   2.95243E-01 0.3780
    6.3707E+00   2.95243E-01 0.3780
    6.3805E+00   2.53065E-01 0.4082
    6.3902E+00   4.63953E-01 0.3015
    6.4000E+00   1.81363E+00 0.1525
    6.4098E+00   2.53065E-01 0.4082
    6.4195E+00   2.53065E-01 0.4082
    6.4293E+00   4.63953E-01 0.3015
    6.4390E+00   8.43551E-02 0.7071
    6.4488E+00   3.37420E-01 0.3536
    6.4585E+00   3.37420E-01 0.3536
    6.4683E+00   8.01373E-01 0.2294
    6.4780E+00   1.26533E-01 0.5774
    6.4878E+00   6.32663E-01 0.2582
    6.4976E+00   3.79598E-01 0.3333
    6.5073E+00   3.79598E-01 0.3333
    6.5171E+00   4.63953E-01 0.3015
    6.5268E+00   4.63953E-01 0.3015
    6.5366E+00   1.68710E-01 0.5000
    6.5463E+00   5.06130E-01 0.2887
    6.5561E+00   1.68710E-01 0.5000
    6.5659E+00   2.53065E-01 0.4082
    6.5756E+00   1.26533E-01 0.5774
    6.5854E+00   2.53065E-01 0.4082
    6.5951E+00   2.95243E-01 0.3780
    6.6049E+00   4.21775E-01 0.3162
    6.6146E+00   1.68710E-01 0.5000
    6.6244E+00   1.13879E+00 0.1925
    6.6341E+00   8.85728E-01 0.2182
    6.6439E+00   2.95243E-01 0.3780
    6.6537E+00   3.79598E-01 0.3333
    6.6634E+00   2.53065E-01 0.4082
    6.6732E+00   2.10888E-01 0.4472
    6.6829E+00   3.37420E-01 0.3536
    6.6927E+00   3.37420E-01 0.3536
    6.7024E+00   8.43551E-02 0.7071
    6.7122E+00   6.32663E-01 0.2582
    6.7220E+00   2.95243E-01 0.3780
    6.7317E+00   3.79598E-01 0.3333
    6.7415E+00   2.10888E-01 0.4472
    6.7512E+00   8.43551E-02 0.7071
    6.7610E+00   2.53065E-01 0.4082
    6.7707E+00   8.43551E-01 0.2236
    6.7805E+00   1.68710E-01 0.5000
    6.7902E+00   5.06130E-01 0.2887
    6.8000E+00   2.10888E-01 0.4472
    6.8098E+00   4.63953E-01 0.3015
    6.8195E+00   2.53065E-01 0.4082
    6.8293E+00   2.53065E-01 0.4082
    6.8390E+00   1.68710E-01 0.5000
    6.8488E+00   3.79598E-01 0.3333
    6.8585E+00   2.53065E-01 0.4082
    6.8683E+00   2.53065E-01 0.4082
    6.8780E+00   2.10888E-01 0.4472
    6.8878E+00   1.68710E-01 0.5000
    6.8976E+00   3.37420E-01 0.3536
    6.9073E+00   2.65718E+00 0.1260
    6.9171E+00   2.10888E-01 0.4472
    6.9268E+00   2.95243E-01 0.3780
    6.9366E+00   8.43551E-02 0.7071
    6.9463E+00   2.53065E-01 0.4082
    6.9561E+00   4.21775E-01 0.3162
    6.9659E+00   2.95243E-01 0.3780
    6.9756E+00   2.95243E-01 0.3780
    6.9854E+00   7.59196E-01 0.2357
    6.9951E+00   1.26533E-01 0.5774
    7.0049E+00   8.43551E-02 0.7071
    7.0146E+00   2.53065E-01 0.4082
    7.0244E+00   3.37420E-01 0.3536
    7.0341E+00   2.95243E-01 0.3780
    7.0439E+00   0.00000E+00 0.0000
    7.0537E+00   1.68710E-01 0.5000
    7.0634E+00   1.68710E-01 0.5000
    7.0732E+00   3.79598E-01 0.3333
    7.0829E+00   1.68710E-01 0.5000
    7.0927E+00   8.43551E-02 0.7071
    7.1024E+00   1.68710E-01 0.5000
    7.1122E+00   3.37420E-01 0.3536
    7.1220E+00   2.10888E-01 0.4472
    7.1317E+00   8.43551E-02 0.7071
    7.1415E+00   1.26533E-01 0.5774
    7.1512E+00   1.68710E-01 0.5000
    7.1610E+00   3.37420E-01 0.3536
    7.1707E+00   2.53065E-01 0.4082
    7.1805E+00   2.10888E-01 0.4472
    7.1902E+00   3.37420E-01 0.3536
    7.2000E+00   4.21775E-02 1.0000
    7.2098E+00   2.53065E-01 0.4082
    7.2195E+00   1.09662E+00 0.1961
    7.2293E+00   2.10888E-01 0.4472
    7.2390E+00   1.68710E-01 0.5000
    7.2488E+00   8.43551E-02 0.7071
    7.2585E+00   8.43551E-02 0.7071
    7.2683E+00   1.68710E-01 0.5000
    7.2780E+00   1.26533E-01 0.5774
    7.2878E+00   2.40412E+00 0.1325
    7.2976E+00   1.26533E-01 0.5774
    7.3073E+00   2.10888E-01 0.4472
    7.3171E+00   1.68710E-01 0.5000
    7.3268E+00   8.43551E-02 0.7071
    7.3366E+00   8.43551E-02 0.7071
    7.3463E+00   2.53065E-01 0.4082
    7.3561E+00   1.68710E-01 0.5000
    7.3659E+00   1.26533E-01 0.5774
    7.3756E+00   1.26533E-01 0.5774
    7.3854E+00   1.68710E-01 0.5000
    7.3951E+00   2.10888E-01 0.4472
    7.4049E+00   1.26533E-01 0.5774
    7.4146E+00   1.51839E+00 0.1667
    7.4244E+00   2.10888E-01 0.4472
    7.4341E+00   1.26533E-01 0.5774
    7.4439E+00   8.43551E-02 0.7071
    7.4537E+00   1.68710E-01 0.5000
    7.4634E+00   1.26533E-01 0.5774
    7.4732E+00   8.43551E-02 0.7071
    7.4829E+00   1.68710E-01 0.5000
    7.4927E+00   4.21775E-02 1.0000
    7.5024E+00   2.10888E-01 0.4472
    7.5122E+00   4.21775E-02 1.0000
    7.5220E+00   1.68710E-01 0.5000
    7.5317E+00   8.43551E-02 0.7071
    7.5415E+00   1.26533E-01 0.5774
    7.5512E+00   1.26533E-01 0.5774
    7.5610E+00   3.37420E-01 0.3536
    7.5707E+00   1.26533E-01 0.5774
    7.5805E+00   1.26533E-01 0.5774
    7.5902E+00   1.68710E-01 0.5000
    7.6000E+00   4.21775E-02 1.0000
    7.6098E+00   4.21775E-02 1.0000
    7.6195E+00   4.21775E-02 1.0000
    7.6293E+00   4.21775E-02 1.0000
    7.6390E+00   8.43551E-02 0.7071
    7.6488E+00   1.68710E-01 0.5000
    7.6585E+00   1.26533E-01 0.5774
    7.6683E+00   0.00000E+00 0.0000
    7.6780E+00   1.26533E-01 0.5774
    7.6878E+00   0.00000E+00 0.0000
    7.6976E+00   2.95243E-01 0.3780
    7.7073E+00   8.43551E-02 0.7071
    7.7171E+00   0.00000E+00 0.0000
    7.7268E+00   5.48308E-01 0.2774
    7.7366E+00   0.00000E+00 0.0000
    7.7463E+00   8.43551E-02 0.7071
    7.7561E+00   8.43551E-02 0.7071
    7.7659E+00   2.10888E-01 0.4472
    7.7756E+00   1.26533E-01 0.5774
    7.7854E+00   0.00000E+00 0.0000
    7.7951E+00   1.18097E+00 0.1890
    7.8049E+00   4.21775E-02 1.0000
    7.8146E+00   1.26533E-01 0.5774
    7.8244E+00   8.43551E-02 0.7071
    7.8341E+00   0.00000E+00 0.0000
    7.8439E+00   1.26533E-01 0.5774
    7.8537E+00   0.00000E+00 0.0000
    7.8634E+00   8.43551E-02 0.7071
    7.8732E+00   1.68710E-01 0.5000
    7.8829E+00   2.95243E-01 0.3780
    7.8927E+00   8.43551E-02 0.7071
    7.9024E+00   4.21775E-02 1.0000
    7.9122E+00   4.21775E-02 1.0000
    7.9220E+00   1.26533E-01 0.5774
    7.9317E+00   0.00000E+00 0.0000
    7.9415E+00   4.21775E-02 1.0000
    7.9512E+00   1.68710E-01 0.5000
    7.9610E+00   8.43551E-02 0.7071
    7.9707E+00   0.00000E+00 0.0000
    7.9805E+00   8.43551E-02 0.7071
    7.9902E+00   4.21775E-02 1.0000
    8.0000E+00   8.43551E-02 0.7071
    8.0098E+00   8.43551E-02 0.7071
    8.0195E+00   1.26533E-01 0.5774
    8.0293E+00   0.00000E+00 0.0000
    8.0390E+00   0.00000E+00 0.0000
    8.0488E+00   8.43551E-02 0.7071
    8.0585E+00   4.21775E-02 1.0000
    8.0683E+00   7.59196E-01 0.2357
    8.0780E+00   4.21775E-02 1.0000
    8.0878E+00   0.00000E+00 0.0000
    8.0976E+00   4.21775E-02 1.0000
    8.1073E+00   4.21775E-02 1.0000
    8.1171E+00   4.21775E-02 1.0000
    8.1268E+00   0.00000E+00 0.0000
    8.1366E+00   4.21775E-02 1.0000
    8.1463E+00   0.00000E+00 0.0000
    8.1561E+00   4.21775E-02 1.0000
    8.1659E+00   0.00000E+00 0.0000
    8.1756E+00   4.21775E-02 1.0000
    8.1854E+00   4.21775E-02 1.0000
    8.1951E+00   8.43551E-02 0.7071
    8.2049E+00   0.00000E+00 0.0000
    8.2146E+00   8.43551E-02 0.7071
    8.2244E+00   8.43551E-02 0.7071
    8.2341E+00   1.26533E-01 0.5774
    8.2439E+00   4.21775E-02 1.0000
    8.2537E+00   8.43551E-02 0.7071
    8.2634E+00   8.43551E-02 0.7071
    8.2732E+00   0.00000E+00 0.0000
    8.2829E+00   8.43551E-02 0.7071
    8.2927E+00   0.00000E+00 0.0000
    8.3024E+00   8.43551E-02 0.7071
    8.3122E+00   0.00000E+00 0.0000
    8.3220E+00   0.00000E+00 0.0000
    8.3317E+00   0.00000E+00 0.0000
    8.3415E+00   0.00000E+00 0.0000
    8.3512E+00   0.00000E+00 0.0000
    8.3610E+00   0.00000E+00 0.0000
    8.3707E+00   0.00000E+00 0.0000
    8.3805E+00   0.00000E+00 0.0000
    8.3902E+00   4.21775E-02 1.0000
    8.4000E+00   4.21775E-02 1.0000
    8.4098E+00   8.43551E-02 0.7071
    8.4195E+00   4.21775E-02 1.0000
    8.4293E+00   0.00000E+00 0.0000
    8.4390E+00   4.21775E-02 1.0000
    8.4488E+00   4.21775E-02 1.0000
    8.4585E+00   8.43551E-02 0.7071
    8.4683E+00   4.21775E-02 1.0000
    8.4780E+00   8.43551E-02 0.7071
    8.4878E+00   4.21775E-02 1.0000
    8.4976E+00   4.21775E-02 1.0000
    8.5073E+00   0.00000E+00 0.0000
    8.5171E+00   4.21775E-02 1.0000
    8.5268E+00   0.00000E+00 0.0000
    8.5366E+00   0.00000E+00 0.0000
    8.5463E+00   0.00000E+00 0.0000
    8.5561E+00   4.21775E-02 1.0000
    8.5659E+00   4.21775E-02 1.0000
    8.5756E+00   4.21775E-02 1.0000
    8.5854E+00   7.17018E-01 0.2425
    8.5951E+00   8.43551E-02 0.7071
    8.6049E+00   4.21775E-02 1.0000
    8.6146E+00   0.00000E+00 0.0000
    8.6244E+00   4.21775E-02 1.0000
    8.6341E+00   0.00000E+00 0.0000
    8.6439E+00   4.21775E-02 1.0000
    8.6537E+00   4.21775E-02 1.0000
    8.6634E+00   0.00000E+00 0.0000
    8.6732E+00   4.21775E-02 1.0000
    8.6829E+00   0.00000E+00 0.0000
    8.6927E+00   0.00000E+00 0.0000
    8.7024E+00   0.00000E+00 0.0000
    8.7122E+00   8.43551E-02 0.7071
    8.7220E+00   4.21775E-02 1.0000
    8.7317E+00   0.00000E+00 0.0000
    8.7415E+00   8.43551E-02 0.7071
    8.7512E+00   8.43551E-02 0.7071
    8.7610E+00   0.00000E+00 0.0000
    8.7707E+00   8.43551E-02 0.7071
    8.7805E+00   4.21775E-02 1.0000
    8.7902E+00   0.00000E+00 0.0000
    8.8000E+00   4.21775E-02 1.0000
    8.8098E+00   1.26533E-01 0.5774
    8.8195E+00   0.00000E+00 0.0000
    8.8293E+00   0.00000E+00 0.0000
    8.8390E+00   0.00000E+00 0.0000
    8.8488E+00   4.21775E-02 1.0000
    8.8585E+00   0.00000E+00 0.0000
    8.8683E+00   8.43551E-02 0.7071
    8.8780E+00   4.21775E-02 1.0000
    8.8878E+00   4.21775E-02 1.0000
    8.8976E+00   4.21775E-02 1.0000
    8.9073E+00   8.43551E-02 0.7071
    8.9171E+00   0.00000E+00 0.0000
    8.9268E+00   0.00000E+00 0.0000
    8.9366E+00   4.21775E-02 1.0000
    8.9463E+00   0.00000E+00 0.0000
    8.9561E+00   0.00000E+00 0.0000
    8.9659E+00   4.21775E-02 1.0000
    8.9756E+00   0.00000E+00 0.0000
    8.9854E+00   8.43551E-02 0.7071
    8.9951E+00   0.00000E+00 0.0000
    9.0049E+00   8.43551E-02 0.7071
    9.0146E+00   4.21775E-02 1.0000
    9.0244E+00   0.00000E+00 0.0000
    9.0341E+00   4.21775E-02 1.0000
    9.0439E+00   0.00000E+00 0.0000
    9.0537E+00   0.00000E+00 0.0000
    9.0634E+00   4.21775E-02 1.0000
    9.0732E+00   0.00000E+00 0.0000
    9.0829E+00   0.00000E+00 0.0000
    9.0927E+00   4.21775E-02 1.0000
    9.1024E+00   0.00000E+00 0.0000
    9.1122E+00   8.43551E-02 0.7071
    9.1220E+00   4.21775E-02 1.0000
    9.1317E+00   4.21775E-02 1.0000
    9.1415E+00   8.43551E-02 0.7071
    9.1512E+00   0.00000E+00 0.0000
    9.1610E+00   0.00000E+00 0.0000
    9.1707E+00   0.00000E+00 0.0000
    9.1805E+00   4.21775E-02 1.0000
    9.1902E+00   0.00000E+00 0.0000
    9.2000E+00   8.43551E-02 0.7071
    9.2098E+00   4.21775E-02 1.0000
    9.2195E+00   0.00000E+00 0.0000
    9.2293E+00   0.00000E+00 0.0000
    9.2390E+00   0.00000E+00 0.0000
    9.2488E+00   0.00000E+00 0.0000
    9.2585E+00   0.00000E+00 0.0000
    9.2683E+00   4.21775E-02 1.0000
    9.2780E+00   0.00000E+00 0.0000
    9.2878E+00   0.00000E+00 0.0000
    9.2976E+00   0.00000E+00 0.0000
    9.3073E+00   4.21775E-02 1.0000
    9.3171E+00   0.00000E+00 0.0000
    9.3268E+00   4.21775E-02 1.0000
    9.3366E+00   4.21775E-02 1.0000
    9.3463E+00   0.00000E+00 0.0000
    9.3561E+00   0.00000E+00 0.0000
    9.3659E+00   4.21775E-02 1.0000
    9.3756E+00   8.43551E-02 0.7071
    9.3854E+00   4.21775E-02 1.0000
    9.3951E+00   8.43551E-02 0.7071
    9.4049E+00   0.00000E+00 0.0000
    9.4146E+00   0.00000E+00 0.0000
    9.4244E+00   0.00000E+00 0.0000
    9.4341E+00   8.43551E-02 0.7071
    9.4439E+00   8.43551E-02 0.7071
    9.4537E+00   4.21775E-02 1.0000
    9.4634E+00   0.00000E+00 0.0000
    9.4732E+00   0.00000E+00 0.0000
    9.4829E+00   0.00000E+00 0.0000
    9.4927E+00   4.21775E-02 1.0000
    9.5024E+00   0.00000E+00 0.0000
    9.5122E+00   0.00000E+00 0.0000
    9.5220E+00   0.00000E+00 0.0000
    9.5317E+00   0.00000E+00 0.0000
    9.5415E+00   4.21775E-02 1.0000
    9.5512E+00   0.00000E+00 0.0000
    9.5610E+00   0.00000E+00 0.0000
    9.5707E+00   0.00000E+00 0.0000
    9.5805E+00   4.21775E-02 1.0000
    9.5902E+00   0.00000E+00 0.0000
    9.6000E+00   0.00000E+00 0.0000
    9.6098E+00   0.00000E+00 0.0000
    9.6195E+00   0.00000E+00 0.0000
    9.6293E+00   0.00000E+00 0.0000
    9.6390E+00   0.00000E+00 0.0000
    9.6488E+00   0.00000E+00 0.0000
    9.6585E+00   0.00000E+00 0.0000
    9.6683E+00   0.00000E+00 0.0000
    9.6780E+00   0.00000E+00 0.0000
    9.6878E+00   4.21775E-02 1.0000
    9.6976E+00   4.21775E-02 1.0000
    9.7073E+00   0.00000E+00 0.0000
    9.7171E+00   0.00000E+00 0.0000
    9.7268E+00   0.00000E+00 0.0000
    9.7366E+00   0.00000E+00 0.0000
    9.7463E+00   0.00000E+00 0.0000
    9.7561E+00   8.43551E-02 0.7071
    9.7659E+00   0.00000E+00 0.0000
    9.7756E+00   0.00000E+00 0.0000
    9.7854E+00   0.00000E+00 0.0000
    9.7951E+00   4.21775E-02 1.0000
    9.8049E+00   0.00000E+00 0.0000
    9.8146E+00   4.21775E-02 1.0000
    9.8244E+00   0.00000E+00 0.0000
    9.8341E+00   0.00000E+00 0.0000
    9.8439E+00   0.00000E+00 0.0000
    9.8537E+00   0.00000E+00 0.0000
    9.8634E+00   0.00000E+00 0.0000
    9.8732E+00   0.00000E+00 0.0000
    9.8829E+00   0.00000E+00 0.0000
    9.8927E+00   0.00000E+00 0.0000
    9.9024E+00   0.00000E+00 0.0000
    9.9122E+00   0.00000E+00 0.0000
    9.9220E+00   4.21775E-02 1.0000
    9.9317E+00   0.00000E+00 0.0000
    9.9415E+00   0.00000E+00 0.0000
    9.9512E+00   8.43551E-02 0.7071
    9.9610E+00   4.21775E-02 1.0000
    9.9707E+00   4.21775E-02 1.0000
    9.9805E+00   0.00000E+00 0.0000
    9.9902E+00   0.00000E+00 0.0000
    1.0000E+01   0.00000E+00 0.0000