   0.000000   0.00000000 
   0.009756 1708.30983932 
   0.019512  68.48513108 
   0.029268  67.34532399 
   0.039024  91.01592984 
   0.048780 147.70955615 
   0.058537 204.47026537 
   0.068293 215.88977959 
   0.078049 210.52442784 
   0.087805 203.08303322 
   0.097561 191.25443846 
   0.107320 173.88272143 
   0.117070 156.87421027 
   0.126830 142.36072157 
   0.136590 128.80660990 
   0.146340 116.13953521 
   0.156100 104.60844445 
   0.165850  94.96535969 
   0.175610  87.98729273 
   0.185370  83.20595000 
   0.195120  79.52161233 
   0.204880  75.63507230 
   0.214630  70.70362338 
   0.224390  65.40620667 
   0.234150  60.64777997 
   0.243900  56.27152001 
   0.253660  51.94980486 
   0.263410  47.86530835 
   0.273170  44.25783901 
   0.282930  41.16098074 
   0.292680  38.51138580 
   0.302440  36.26596750 
   0.312200  34.38323710 
   0.321950  32.76155991 
   0.331710  31.26928019 
   0.341460  29.81677108 
   0.351220  28.37718498 
   0.360980  26.99918790 
   0.370730  25.76255266 
   0.380490  24.72930366 
   0.390240  23.95276144 
   0.400000  23.47640291 
   0.409760  23.30114583 
   0.419510  23.36574745 
   0.429270  23.64245240 
   0.439020  24.24600793 
   0.448780  25.34477922 
   0.458540  26.83151894 
   0.468290  28.10839528 
   0.478050  28.39759056 
   0.487800  27.39743388 
   0.497560  25.54692871 
   0.507320  23.53497206 
   0.517070  21.67031326 
   0.526830  19.84457209 
   0.536590  17.96234084 
   0.546340  16.16821846 
   0.556100  14.69337780 
   0.565850  13.64887356 
   0.575610  12.97909506 
   0.585370  12.56901361 
   0.595120  12.31944776 
   0.604880  12.15693578 
   0.614630  12.01860268 
   0.624390  11.85128287 
   0.634150  11.62942938 
   0.643900  11.36234507 
   0.653660  11.07847333 
   0.663410  10.80276082 
   0.673170  10.54080126 
   0.682930  10.28602650 
   0.692680  10.03402153 
   0.702440   9.79349933 
   0.712200   9.58952354 
   0.721950   9.45540383 
   0.731710   9.42068629 
   0.741460   9.49913621 
   0.751220   9.67749935 
   0.760980   9.90901054 
   0.770730  10.11755570 
   0.780490  10.21871888 
   0.790240  10.15262635 
   0.800000   9.91571227 
   0.809760   9.56621196 
   0.819510   9.19510735 
   0.829270   8.87787536 
   0.839020   8.64394161 
   0.848780   8.47317021 
   0.858540   8.32213375 
   0.868290   8.15182383 
   0.878050   7.94305273 
   0.887800   7.69839642 
   0.897560   7.43305724 
   0.907320   7.16836571 
   0.917070   6.92548095 
   0.926830   6.72227173 
   0.936590   6.57504810 
   0.946340   6.49867858 
   0.956100   6.50580542 
   0.965850   6.60203327 
   0.975610   6.77717163 
   0.985370   6.99726761 
   0.995120   7.20595574 
   1.004900   7.33956056 
   1.014600   7.34823433 
   1.024400   7.21744763 
   1.034100   6.97571181 
   1.043900   6.67162924 
   1.053700   6.36537847 
   1.063400   6.10180944 
   1.073200   5.89512993 
   1.082900   5.75218929 
   1.092700   5.66604766 
   1.102400   5.63534971 
   1.112200   5.65853471 
   1.122000   5.73393949 
   1.131700   5.85143052 
   1.141500   5.99508869 
   1.151200   6.13518206 
   1.161000   6.24395652 
   1.170700   6.29353519 
   1.180500   6.27105342 
   1.190200   6.17866352 
   1.200000   6.02986109 
   1.209800   5.84852787 
   1.219500   5.66046516 
   1.229300   5.48072544 
   1.239000   5.32457490 
   1.248800   5.19356755 
   1.258500   5.08991224 
   1.268300   5.00805968 
   1.278000   4.94553955 
   1.287800   4.89758116 
   1.297600   4.86262924 
   1.307300   4.83927621 
   1.317100   4.82503007 
   1.326800   4.81686202 
   1.336600   4.80982262 
   1.346300   4.79890609 
   1.356100   4.77979954 
   1.365900   4.75099062 
   1.375600   4.71434047 
   1.385400   4.67296388 
   1.395100   4.63257188 
   1.404900   4.59675171 
   1.414600   4.56889413 
   1.424400   4.54889728 
   1.434100   4.53569100 
   1.443900   4.52631126 
   1.453700   4.51794067 
   1.463400   4.50816219 
   1.473200   4.49500287 
   1.482900   4.47761812 
   1.492700   4.45489638 
   1.502400   4.42676861 
   1.512200   4.39244033 
   1.522000   4.35264138 
   1.531700   4.30937622 
   1.541500   4.26448507 
   1.551200   4.22248164 
   1.561000   4.18638550 
   1.570700   4.16017620 
   1.580500   4.14533671 
   1.590200   4.14271968 
   1.600000   4.15174227 
   1.609800   4.17171141 
   1.619500   4.20219281 
   1.629300   4.24508828 
   1.639000   4.30197944 
   1.648800   4.37670950 
   1.658500   4.46880368 
   1.668300   4.57762778 
   1.678000   4.69353426 
   1.687800   4.80635060 
   1.697600   4.89890162 
   1.707300   4.95478077 
   1.717100   4.96302855 
   1.726800   4.91846426 
   1.736600   4.82355194 
   1.746300   4.69108387 
   1.756100   4.53418058 
   1.765900   4.37118768 
   1.775600   4.21849159 
   1.785400   4.08332619 
   1.795100   3.97377151 
   1.804900   3.88869414 
   1.814600   3.82816875 
   1.824400   3.78806124 
   1.834100   3.76646818 
   1.843900   3.76116692 
   1.853700   3.77200979 
   1.863400   3.79935213 
   1.873200   3.84505107 
   1.882900   3.90904103 
   1.892700   3.99187624 
   1.902400   4.08830854 
   1.912200   4.19309422 
   1.922000   4.29438385 
   1.931700   4.37797958 
   1.941500   4.43179109 
   1.951200   4.44319824 
   1.961000   4.40531221 
   1.970700   4.31787901 
   1.980500   4.18430427 
   1.990200   4.01741324 
   2.000000   3.82683936 
   2.009800   3.62769203 
   2.019500   3.43372908 
   2.029300   3.24972570 
   2.039000   3.08496506 
   2.048800   2.93904250 
   2.058500   2.81630998 
   2.068300   2.71516231 
   2.078000   2.63912360 
   2.087800   2.58948873 
   2.097600   2.57208914 
   2.107300   2.59386799 
   2.117100   2.66519830 
   2.126800   2.79657259 
   2.136600   3.00374149 
   2.146300   3.29389404 
   2.156100   3.67955819 
   2.165900   4.15542459 
   2.175600   4.69936375 
   2.185400   5.29090543 
   2.195100   5.87209903 
   2.204900   6.39822145 
   2.214600   6.80063012 
   2.224400   7.03719967 
   2.234100   7.07123869 
   2.243900   6.89602672 
   2.253700   6.52944660 
   2.263400   6.01959375 
   2.273200   5.41210401 
   2.282900   4.77841470 
   2.292700   4.15907562 
   2.302400   3.60647279 
   2.312200   3.13304442 
   2.322000   2.75297930 
   2.331700   2.46442862 
   2.341500   2.24936103 
   2.351200   2.09708849 
   2.361000   1.98945524 
   2.370700   1.91616231 
   2.380500   1.86617461 
   2.390200   1.83407843 
   2.400000   1.81502572 
   2.409800   1.80672194 
   2.419500   1.80716640 
   2.429300   1.81460005 
   2.439000   1.82697176 
   2.448800   1.84234720 
   2.458500   1.85806669 
   2.468300   1.87208891 
   2.478000   1.88206832 
   2.487800   1.88666479 
   2.497600   1.88494223 
   2.507300   1.87704662 
   2.517100   1.86363776 
   2.526800   1.84640746 
   2.536600   1.82678856 
   2.546300   1.80699749 
   2.556100   1.78825036 
   2.565900   1.77197812 
   2.575600   1.75901667 
   2.585400   1.74931974 
   2.595100   1.74289248 
   2.604900   1.73909935 
   2.614600   1.73732324 
   2.624400   1.73670644 
   2.634100   1.73639249 
   2.643900   1.73547332 
   2.653700   1.73305904 
   2.663400   1.72838281 
   2.673200   1.72065027 
   2.682900   1.70952428 
   2.692700   1.69453938 
   2.702400   1.67608152 
   2.712200   1.65418859 
   2.722000   1.62977334 
   2.731700   1.60410036 
   2.741500   1.57777731 
   2.751200   1.55248419 
   2.761000   1.52874251 
   2.770700   1.50782726 
   2.780500   1.48977022 
   2.790200   1.47501265 
   2.800000   1.46293964 
   2.809800   1.45308245 
   2.819500   1.44468112 
   2.829300   1.43668289 
   2.839000   1.42851805 
   2.848800   1.41958833 
   2.858500   1.41010143 
   2.868300   1.40042219 
   2.878000   1.39181782 
   2.887800   1.38560432 
   2.897600   1.38357838 
   2.907300   1.38726636 
   2.917100   1.39790249 
   2.926800   1.41569765 
   2.936600   1.44052141 
   2.946300   1.47039542 
   2.956100   1.50355595 
   2.965900   1.53669708 
   2.975600   1.56629183 
   2.985400   1.58994789 
   2.995100   1.60484110 
   3.004900   1.60983363 
   3.014600   1.60444964 
   3.024400   1.58922368 
   3.034100   1.56591962 
   3.043900   1.53605616 
   3.053700   1.50204040 
   3.063400   1.46632978 
   3.073200   1.42990627 
   3.082900   1.39474080 
   3.092700   1.36085851 
   3.102400   1.32926648 
   3.112200   1.29932093 
   3.122000   1.27119015 
   3.131700   1.24492535 
   3.141500   1.21983234 
   3.151200   1.19638901 
   3.161000   1.17421273 
   3.170700   1.15396858 
   3.180500   1.13552054 
   3.190200   1.11952581 
   3.200000   1.10587978 
   3.209800   1.09487713 
   3.219500   1.08657088 
   3.229300   1.08063433 
   3.239000   1.07692444 
   3.248800   1.07502550 
   3.258500   1.07461927 
   3.268300   1.07535932 
   3.278000   1.07695609 
   3.287800   1.07924422 
   3.297600   1.08209455 
   3.307300   1.08542284 
   3.317100   1.08929244 
   3.326800   1.09362604 
   3.336600   1.09848462 
   3.346300   1.10367855 
   3.356100   1.10913546 
   3.365900   1.11452291 
   3.375600   1.11941838 
   3.385400   1.12347761 
   3.395100   1.12614222 
   3.404900   1.12699408 
   3.414600   1.12560744 
   3.424400   1.12164705 
   3.434100   1.11503640 
   3.443900   1.10565379 
   3.453700   1.09375409 
   3.463400   1.07986973 
   3.473200   1.06424315 
   3.482900   1.04782474 
   3.492700   1.03097566 
   3.502400   1.01473115 
   3.512200   0.99939946 
   3.522000   0.98568835 
   3.531700   0.97408887 
   3.541500   0.96456402 
   3.551200   0.95732755 
   3.561000   0.95208209 
   3.570700   0.94865531 
   3.580500   0.94660449 
   3.590200   0.94556943 
   3.600000   0.94513878 
   3.609800   0.94499788 
   3.619500   0.94491430 
   3.629300   0.94476429 
   3.639000   0.94453515 
   3.648800   0.94429291 
   3.658500   0.94416796 
   3.668300   0.94430631 
   3.678000   0.94484022 
   3.687800   0.94588022 
   3.697600   0.94747049 
   3.707300   0.94957725 
   3.717100   0.95218443 
   3.726800   0.95514241 
   3.736600   0.95838965 
   3.746300   0.96172533 
   3.756100   0.96507373 
   3.765900   0.96824709 
   3.775600   0.97105277 
   3.785400   0.97336650 
   3.795100   0.97494128 
   3.804900   0.97558968 
   3.814600   0.97507522 
   3.824400   0.97317358 
   3.834100   0.96975003 
   3.843900   0.96462310 
   3.853700   0.95779833 
   3.863400   0.94945519 
   3.873200   0.93961677 
   3.882900   0.92877482 
   3.892700   0.91707639 
   3.902400   0.90516607 
   3.912200   0.89321018 
   3.922000   0.88170692 
   3.931700   0.87106645 
   3.941500   0.86128256 
   3.951200   0.85267316 
   3.961000   0.84509791 
   3.970700   0.83868799 
   3.980500   0.83325416 
   3.990200   0.82884466 
   4.000000   0.82531928 
   4.009800   0.82270342 
   4.019500   0.82100828 
   4.029300   0.82020855 
   4.039000   0.82032274 
   4.048800   0.82132745 
   4.058500   0.82313222 
   4.068300   0.82564805 
   4.078000   0.82864385 
   4.087800   0.83195180 
   4.097600   0.83527981 
   4.107300   0.83832299 
   4.117100   0.84087793 
   4.126800   0.84265260 
   4.136600   0.84347350 
   4.146300   0.84315321 
   4.156100   0.84154824 
   4.165900   0.83855053 
   4.175600   0.83413746 
   4.185400   0.82817093 
   4.195100   0.82075661 
   4.204900   0.81176291 
   4.214600   0.80144078 
   4.224400   0.78970277 
   4.234100   0.77697619 
   4.243900   0.76325746 
   4.253700   0.74899975 
   4.263400   0.73473374 
   4.273200   0.72058619 
   4.282900   0.70727929 
   4.292700   0.69497176 
   4.302400   0.68431017 
   4.312200   0.67541820 
   4.322000   0.66868071 
   4.331700   0.66429901 
   4.341500   0.66224123 
   4.351200   0.66249540 
   4.361000   0.66490128 
   4.370700   0.66914689 
   4.380500   0.67496872 
   4.390200   0.68184038 
   4.400000   0.68945477 
   4.409800   0.69728677 
   4.419500   0.70482439 
   4.429300   0.71183870 
   4.439000   0.71787702 
   4.448800   0.72283639 
   4.458500   0.72648470 
   4.468300   0.72886043 
   4.478000   0.72996773 
   4.487800   0.72996128 
   4.497600   0.72901922 
   4.507300   0.72740060 
   4.517100   0.72533264 
   4.526800   0.72311730 
   4.536600   0.72095625 
   4.546300   0.71910595 
   4.556100   0.71769865 
   4.565900   0.71687315 
   4.575600   0.71668717 
   4.585400   0.71713745 
   4.595100   0.71816171 
   4.604900   0.71967977 
   4.614600   0.72152271 
   4.624400   0.72356046 
   4.634100   0.72556816 
   4.643900   0.72739380 
   4.653700   0.72882299 
   4.663400   0.72966762 
   4.673200   0.72978147 
   4.682900   0.72902530 
   4.692700   0.72727598 
   4.702400   0.72450000 
   4.712200   0.72061281 
   4.722000   0.71565790 
   4.731700   0.70977259 
   4.741500   0.70295936 
   4.751200   0.69553066 
   4.761000   0.68755792 
   4.770700   0.67946758 
   4.780500   0.67139386 
   4.790200   0.66381959 
   4.800000   0.65691721 
   4.809800   0.65108713 
   4.819500   0.64665509 
   4.829300   0.64376332 
   4.839000   0.64263094 
   4.848800   0.64330875 
   4.858500   0.64575710 
   4.868300   0.64989455 
   4.878000   0.65540487 
   4.887800   0.66207553 
   4.897600   0.66945688 
   4.907300   0.67702958 
   4.917100   0.68450561 
   4.926800   0.69132450 
   4.936600   0.69727961 
   4.946300   0.70200191 
   4.956100   0.70545508 
   4.965900   0.70757621 
   4.975600   0.70847672 
   4.985400   0.70839292 
   4.995100   0.70761518 
   5.004900   0.70645890 
   5.014600   0.70527484 
   5.024400   0.70433419 
   5.034100   0.70388342 
   5.043900   0.70405973 
   5.053700   0.70492730 
   5.063400   0.70643855 
   5.073200   0.70852731 
   5.082900   0.71100924 
   5.092700   0.71376999 
   5.102400   0.71659038 
   5.112200   0.71938067 
   5.122000   0.72198925 
   5.131700   0.72429887 
   5.141500   0.72628437 
   5.151200   0.72784499 
   5.161000   0.72895288 
   5.170700   0.72951902 
   5.180500   0.72947684 
   5.190200   0.72874154 
   5.200000   0.72721048 
   5.209800   0.72481092 
   5.219500   0.72153052 
   5.229300   0.71728900 
   5.239000   0.71220624 
   5.248800   0.70626046 
   5.258500   0.69969957 
   5.268300   0.69255174 
   5.278000   0.68514388 
   5.287800   0.67750929 
   5.297600   0.66989538 
   5.307300   0.66251900 
   5.317100   0.65532865 
   5.326800   0.64852650 
   5.336600   0.64198650 
   5.346300   0.63582312 
   5.356100   0.62987016 
   5.365900   0.62415028 
   5.375600   0.61869176 
   5.385400   0.61338809 
   5.395100   0.60840015 
   5.404900   0.60373602 
   5.414600   0.59966114 
   5.424400   0.59632333 
   5.434100   0.59406830 
   5.443900   0.59316381 
   5.453700   0.59396611 
   5.463400   0.59674424 
   5.473200   0.60181313 
   5.482900   0.60924467 
   5.492700   0.61926107 
   5.502400   0.63159572 
   5.512200   0.64629300 
   5.522000   0.66287434 
   5.531700   0.68064409 
   5.541500   0.69934571 
   5.551200   0.71789860 
   5.561000   0.73593489 
   5.570700   0.75235363 
   5.580500   0.76680830 
   5.590200   0.77843050 
   5.600000   0.78701928 
   5.609800   0.79216178 
   5.619500   0.79375728 
   5.629300   0.79190452 
   5.639000   0.78685167 
   5.648800   0.77882515 
   5.658500   0.76839547 
   5.668300   0.75580483 
   5.678000   0.74177257 
   5.687800   0.72646268 
   5.697600   0.71043515 
   5.707300   0.69423511 
   5.717100   0.67785522 
   5.726800   0.66190698 
   5.736600   0.64630149 
   5.746300   0.63155790 
   5.756100   0.61754215 
   5.765900   0.60454811 
   5.775600   0.59279281 
   5.785400   0.58209501 
   5.795100   0.57268942 
   5.804900   0.56435061 
   5.814600   0.55716945 
   5.824400   0.55087153 
   5.834100   0.54542284 
   5.843900   0.54051979 
   5.853700   0.53601865 
   5.863400   0.53176691 
   5.873200   0.52750986 
   5.882900   0.52321489 
   5.892700   0.51873448 
   5.902400   0.51417522 
   5.912200   0.50953932 
   5.922000   0.50505195 
   5.931700   0.50100540 
   5.941500   0.49762743 
   5.951200   0.49533229 
   5.961000   0.49443505 
   5.970700   0.49529348 
   5.980500   0.49821844 
   5.990200   0.50335712 
   6.000000   0.51091235 
   6.009800   0.52080288 
   6.019500   0.53270183 
   6.029300   0.54650487 
   6.039000   0.56143768 
   6.048800   0.57717905 
   6.058500   0.59269086 
   6.068300   0.60751116 
   6.078000   0.62056116 
   6.087800   0.63137095 
   6.097600   0.63915183 
   6.107300   0.64338274 
   6.117100   0.64383958 
   6.126800   0.64040556 
   6.136600   0.63310855 
   6.146300   0.62238863 
   6.156100   0.60849035 
   6.165900   0.59210972 
   6.175600   0.57412917 
   6.185400   0.55489946 
   6.195100   0.53551429 
   6.204900   0.51623242 
   6.214600   0.49801275 
   6.224400   0.48094529 
   6.234100   0.46572080 
   6.243900   0.45225329 
   6.253700   0.44082627 
   6.263400   0.43154347 
   6.273200   0.42415123 
   6.282900   0.41867746 
   6.292700   0.41483943 
   6.302400   0.41251780 
   6.312200   0.41144572 
   6.322000   0.41142380 
   6.331700   0.41220685 
   6.341500   0.41358107 
   6.351200   0.41529750 
   6.361000   0.41717751 
   6.370700   0.41898572 
   6.380500   0.42057884 
   6.390200   0.42177011 
   6.400000   0.42245707 
   6.409800   0.42253112 
   6.419500   0.42194531 
   6.429300   0.42067040 
   6.439000   0.41875351 
   6.448800   0.41621287 
   6.458500   0.41318891 
   6.468300   0.40973507 
   6.478000   0.40605421 
   6.487800   0.40221450 
   6.497600   0.39839871 
   6.507300   0.39478019 
   6.517100   0.39140315 
   6.526800   0.38842909 
   6.536600   0.38585949 
   6.546300   0.38377417 
   6.556100   0.38212135 
   6.565900   0.38088047 
   6.575600   0.37998335 
   6.585400   0.37931156 
   6.595100   0.37876477 
   6.604900   0.37821063 
   6.614600   0.37754619 
   6.624400   0.37665748 
   6.634100   0.37548772 
   6.643900   0.37396779 
   6.653700   0.37209780 
   6.663400   0.36992729 
   6.673200   0.36747036 
   6.682900   0.36486354 
   6.692700   0.36216288 
   6.702400   0.35954620 
   6.712200   0.35709047 
   6.722000   0.35495404 
   6.731700   0.35327413 
   6.741500   0.35212331 
   6.751200   0.35161173 
   6.761000   0.35179319 
   6.770700   0.35270077 
   6.780500   0.35436045 
   6.790200   0.35671337 
   6.800000   0.35974808 
   6.809800   0.36334727 
   6.819500   0.36733503 
   6.829300   0.37162720 
   6.839000   0.37594166 
   6.848800   0.38014537 
   6.858500   0.38391739 
   6.868300   0.38709134 
   6.878000   0.38936803 
   6.887800   0.39057645 
   6.897600   0.39050145 
   6.907300   0.38902417 
   6.917100   0.38602771 
   6.926800   0.38154753 
   6.936600   0.37552834 
   6.946300   0.36819060 
   6.956100   0.35953887 
   6.965900   0.34984813 
   6.975600   0.33947328 
   6.985400   0.32846882 
   6.995100   0.31733697 
   7.004900   0.30613032 
   7.014600   0.29534550 
   7.024400   0.28501190 
   7.034100   0.27556191 
   7.043900   0.26699288 
   7.053700   0.25956466 
   7.063400   0.25345415 
   7.073200   0.24861822 
   7.082900   0.24520199 
   7.092700   0.24314800 
   7.102400   0.24247930 
   7.112200   0.24313296 
   7.122000   0.24504512 
   7.131700   0.24807506 
   7.141500   0.25215826 
   7.151200   0.25706484 
   7.161000   0.26272838 
   7.170700   0.26885227 
   7.180500   0.27536711 
   7.190200   0.28193936 
   7.200000   0.28849883 
   7.209800   0.29477414 
   7.219500   0.30051533 
   7.229300   0.30566505 
   7.239000   0.30996727 
   7.248800   0.31338593 
   7.258500   0.31576031 
   7.268300   0.31708236 
   7.278000   0.31730440 
   7.287800   0.31644462 
   7.297600   0.31454023 
   7.307300   0.31169653 
   7.317100   0.30794480 
   7.326800   0.30346179 
   7.336600   0.29826080 
   7.346300   0.29254958 
   7.356100   0.28630505 
   7.365900   0.27966657 
   7.375600   0.27277570 
   7.385400   0.26554508 
   7.395100   0.25816470 
   7.404900   0.25051699 
   7.414600   0.24278787 
   7.424400   0.23484812 
   7.434100   0.22689293 
   7.443900   0.21879806 
   7.453700   0.21069290 
   7.463400   0.20271476 
   7.473200   0.19476062 
   7.482900   0.18705766 
   7.492700   0.17951435 
   7.502400   0.17234974 
   7.512200   0.16547824 
   7.522000   0.15903212 
   7.531700   0.15311925 
   7.541500   0.14765913 
   7.551200   0.14279663 
   7.561000   0.13845856 
   7.570700   0.13475414 
   7.580500   0.13162270 
   7.590200   0.12913880 
   7.600000   0.12725707 
   7.609800   0.12600658 
   7.619500   0.12538405 
   7.629300   0.12536187 
   7.639000   0.12591602 
   7.648800   0.12702139 
   7.658500   0.12860645 
   7.668300   0.13064028 
   7.678000   0.13300477 
   7.687800   0.13565778 
   7.697600   0.13847337 
   7.707300   0.14131029 
   7.717100   0.14411057 
   7.726800   0.14670111 
   7.736600   0.14902124 
   7.746300   0.15091917 
   7.756100   0.15234089 
   7.765900   0.15318764 
   7.775600   0.15340408 
   7.785400   0.15296135 
   7.795100   0.15185922 
   7.804900   0.15008967 
   7.814600   0.14772608 
   7.824400   0.14477832 
   7.834100   0.14138191 
   7.843900   0.13755712 
   7.853700   0.13343732 
   7.863400   0.12917274 
   7.873200   0.12478056 
   7.882900   0.12045007 
   7.892700   0.11618505 
   7.902400   0.11215314 
   7.912200   0.10833894 
   7.922000   0.10483729 
   7.931700   0.10171339 
   7.941500   0.09891980 
   7.951200   0.09651328 
   7.961000   0.09442773 
   7.970700   0.09267513 
   7.980500   0.09117603 
   7.990200   0.08990891 
   8.000000   0.08878838 
   8.009800   0.08776575 
   8.019500   0.08678880 
   8.029300   0.08577947 
   8.039000   0.08470808 
   8.048800   0.08351114 
   8.058500   0.08218355 
   8.068300   0.08068066 
   8.078000   0.07902874 
   8.087800   0.07720150 
   8.097600   0.07523370 
   8.107300   0.07317427 
   8.117100   0.07101343 
   8.126800   0.06883027 
   8.136600   0.06661498 
   8.146300   0.06444455 
   8.156100   0.06230123 
   8.165900   0.06022792 
   8.175600   0.05825719 
   8.185400   0.05635340 
   8.195100   0.05455370 
   8.204900   0.05281391 
   8.214600   0.05115914 
   8.224400   0.04954346 
   8.234100   0.04798903 
   8.243900   0.04645560 
   8.253700   0.04495556 
   8.263400   0.04350531 
   8.273200   0.04208242 
   8.282900   0.04072894 
   8.292700   0.03943518 
   8.302400   0.03824927 
   8.312200   0.03717115 
   8.322000   0.03623893 
   8.331700   0.03548381 
   8.341500   0.03491197 
   8.351200   0.03455290 
   8.361000   0.03441265 
   8.370700   0.03450230 
   8.380500   0.03482670 
   8.390200   0.03537705 
   8.400000   0.03615766 
   8.409800   0.03715252 
   8.419500   0.03833310 
   8.429300   0.03970511 
   8.439000   0.04121921 
   8.448800   0.04288225 
   8.458500   0.04463358 
   8.468300   0.04647962 
   8.478000   0.04835075 
   8.487800   0.05025057 
   8.497600   0.05212229 
   8.507300   0.05390837 
   8.517100   0.05560523 
   8.526800   0.05713837 
   8.536600   0.05850038 
   8.546300   0.05962791 
   8.556100   0.06051298 
   8.565900   0.06111782 
   8.575600   0.06142403 
   8.585400   0.06143054 
   8.595100   0.06113978 
   8.604900   0.06055852 
   8.614600   0.05972074 
   8.624400   0.05864021 
   8.634100   0.05737648 
   8.643900   0.05594647 
   8.653700   0.05440825 
   8.663400   0.05282452 
   8.673200   0.05120638 
   8.682900   0.04962594 
   8.692700   0.04808448 
   8.702400   0.04664003 
   8.712200   0.04528226 
   8.722000   0.04403850 
   8.731700   0.04292432 
   8.741500   0.04191508 
   8.751200   0.04102457 
   8.761000   0.04022360 
   8.770700   0.03951526 
   8.780500   0.03887018 
   8.790200   0.03828681 
   8.800000   0.03773899 
   8.809800   0.03722024 
   8.819500   0.03672488 
   8.829300   0.03623426 
   8.839000   0.03575236 
   8.848800   0.03526532 
   8.858500   0.03478112 
   8.868300   0.03428953 
   8.878000   0.03380165 
   8.887800   0.03330955 
   8.897600   0.03282115 
   8.907300   0.03234466 
   8.917100   0.03187376 
   8.926800   0.03142156 
   8.936600   0.03098205 
   8.946300   0.03056722 
   8.956100   0.03017108 
   8.965900   0.02980010 
   8.975600   0.02945905 
   8.985400   0.02914157 
   8.995100   0.02885400 
   9.004900   0.02858939 
   9.014600   0.02835126 
   9.024400   0.02813183 
   9.034100   0.02793190 
   9.043900   0.02774277 
   9.053700   0.02756125 
   9.063400   0.02738336 
   9.073200   0.02719936 
   9.082900   0.02700706 
   9.092700   0.02679684 
   9.102400   0.02656815 
   9.112200   0.02631251 
   9.122000   0.02602984 
   9.131700   0.02572293 
   9.141500   0.02538698 
   9.151200   0.02503245 
   9.161000   0.02465786 
   9.170700   0.02427860 
   9.180500   0.02389643 
   9.190200   0.02352999 
   9.200000   0.02318353 
   9.209800   0.02287309 
   9.219500   0.02261281 
   9.229300   0.02240786 
   9.239000   0.02227107 
   9.248800   0.02220601 
   9.258500   0.02221745 
   9.268300   0.02230585 
   9.278000   0.02246619 
   9.287800   0.02269495 
   9.297600   0.02298057 
   9.307300   0.02330607 
   9.317100   0.02366222 
   9.326800   0.02402405 
   9.336600   0.02437979 
   9.346300   0.02470274 
   9.356100   0.02498018 
   9.365900   0.02519023 
   9.375600   0.02531564 
   9.385400   0.02534529 
   9.395100   0.02526817 
   9.404900   0.02507563 
   9.414600   0.02476838 
   9.424400   0.02434065 
   9.434100   0.02380540 
   9.443900   0.02315936 
   9.453700   0.02241844 
   9.463400   0.02160499 
   9.473200   0.02071775 
   9.482900   0.01979152 
   9.492700   0.01882493 
   9.502400   0.01785534 
   9.512200   0.01688027 
   9.522000   0.01592640 
   9.531700   0.01501822 
   9.541500   0.01415055 
   9.551200   0.01335251 
   9.561000   0.01261704 
   9.570700   0.01196622 
   9.580500   0.01139150 
   9.590200   0.01090717 
   9.600000   0.01050367 
   9.609800   0.01018479 
   9.619500   0.00994904 
   9.629300   0.00978637 
   9.639000   0.00969358 
   9.648800   0.00966097 
   9.658500   0.00968067 
   9.668300   0.00974382 
   9.678000   0.00983976 
   9.687800   0.00996100 
   9.697600   0.01009755 
   9.707300   0.01023944 
   9.717100   0.01038212 
   9.726800   0.01051641 
   9.736600   0.01064008 
   9.746300   0.01074705 
   9.756100   0.01083739 
   9.765900   0.01090912 
   9.775600   0.01096226 
   9.785400   0.01099941 
   9.795100   0.01102205 
   9.804900   0.01103333 
   9.814600   0.01103575 
   9.824400   0.01103185 
   9.834100   0.01102358 
   9.843900   0.01101180 
   9.853700   0.01099650 
   9.863400   0.01097662 
   9.873200   0.01094924 
   9.882900   0.01091131 
   9.892700   0.01085743 
   9.902400   0.01078347 
   9.912200   0.01068223 
   9.922000   0.01054869 
   9.931700   0.01037959 
   9.941500   0.01016708 
   9.951200   0.00991237 
   9.961000   0.00960847 
   9.970700   0.00926147 
   9.980500   0.00886583 
   9.990200   0.00843289 
  10.000000   0.00795860 
 