    0.0000E+00   4.21775E-02 1.0000
    9.7752E-03   1.48655E+03 0.0053
    1.9550E-02   5.74880E+01 0.0271
    2.9326E-02   6.24227E+01 0.0260
    3.9101E-02   6.82432E+01 0.0249
    4.8876E-02   8.01373E+01 0.0229
    5.8651E-02   4.02711E+02 0.0102
    6.8426E-02   1.18477E+02 0.0189
    7.8201E-02   1.43910E+02 0.0171
    8.7977E-02   1.46398E+02 0.0170
    9.7752E-02   1.56774E+02 0.0164
    1.0753E-01   1.47874E+02 0.0169
    1.1730E-01   1.55424E+02 0.0165
    1.2708E-01   1.42307E+02 0.0172
    1.3685E-01   1.33450E+02 0.0178
    1.4663E-01   1.34757E+02 0.0177
    1.5640E-01   1.02702E+02 0.0203
    1.6618E-01   9.24110E+01 0.0214
    1.7595E-01   9.97077E+01 0.0206
    1.8573E-01   8.18244E+01 0.0227
    1.9550E-01   7.73958E+01 0.0233
    2.0528E-01   1.48212E+02 0.0169
    2.1505E-01   6.12418E+01 0.0262
    2.2483E-01   6.40255E+01 0.0257
    2.3460E-01   5.71927E+01 0.0272
    2.4438E-01   5.33968E+01 0.0281
    2.5415E-01   4.87150E+01 0.0294
    2.6393E-01   5.09083E+01 0.0288
    2.7370E-01   4.23041E+01 0.0316
    2.8348E-01   3.99843E+01 0.0325
    2.9326E-01   3.75380E+01 0.0335
    3.0303E-01   3.33202E+01 0.0356
    3.1281E-01   3.26032E+01 0.0360
    3.2258E-01   2.91025E+01 0.0381
    3.3236E-01   2.65718E+01 0.0398
    3.4213E-01   2.71202E+01 0.0394
    3.5191E-01   2.39990E+01 0.0419
    3.6168E-01   2.65297E+01 0.0399
    3.7146E-01   2.22697E+01 0.0435
    3.8123E-01   2.68249E+01 0.0397
    3.9101E-01   2.22697E+01 0.0435
    4.0078E-01   2.23119E+01 0.0435
    4.1056E-01   2.19745E+01 0.0438
    4.2033E-01   5.25954E+01 0.0283
    4.3011E-01   2.26072E+01 0.0432
    4.3988E-01   2.05826E+01 0.0453
    4.4966E-01   5.26376E+01 0.0283
    4.5943E-01   1.89377E+01 0.0472
    4.6921E-01   1.95704E+01 0.0464
    4.7898E-01   1.30750E+02 0.0180
    4.8876E-01   1.34968E+01 0.0559
    4.9853E-01   1.48465E+01 0.0533
    5.0831E-01   1.10927E+01 0.0617
    5.1808E-01   3.22236E+01 0.0362
    5.2786E-01   1.09662E+01 0.0620
    5.3763E-01   1.02070E+01 0.0643
    5.4741E-01   8.39333E+00 0.0709
    5.5718E-01   9.78519E+00 0.0657
    5.6696E-01   9.57430E+00 0.0664
    5.7674E-01   8.77293E+00 0.0693
    5.8651E-01   9.19470E+00 0.0677
    5.9629E-01   1.53526E+01 0.0524
    6.0606E-01   9.23688E+00 0.0676
    6.1584E-01   8.01373E+00 0.0725
    6.2561E-01   1.40029E+01 0.0549
    6.3539E-01   1.67867E+01 0.0501
    6.4516E-01   9.53212E+00 0.0665
    6.5494E-01   9.86954E+00 0.0654
    6.6471E-01   9.36341E+00 0.0671
    6.7449E-01   7.97155E+00 0.0727
    6.8426E-01   7.97155E+00 0.0727
    6.9404E-01   8.64639E+00 0.0698
    7.0381E-01   6.66405E+00 0.0796
    7.1359E-01   7.21236E+00 0.0765
    7.2336E-01   6.49534E+00 0.0806
    7.3314E-01   6.11574E+00 0.0830
    7.4291E-01   6.53752E+00 0.0803
    7.5269E-01   9.86954E+00 0.0654
    7.6246E-01   6.62187E+00 0.0798
    7.7224E-01   6.87494E+00 0.0783
    7.8201E-01   5.98921E+00 0.0839
    7.9179E-01   1.05444E+01 0.0632
    8.0156E-01   7.54978E+00 0.0747
    8.1134E-01   6.36881E+00 0.0814
    8.2111E-01   5.27219E+00 0.0894
    8.3089E-01   9.65865E+00 0.0661
    8.4066E-01   6.32663E+00 0.0816
    8.5044E-01   1.57744E+01 0.0517
    8.6022E-01   4.85042E+00 0.0933
    8.6999E-01   5.52526E+00 0.0874
    8.7977E-01   4.51300E+00 0.0967
    8.8954E-01   6.20010E+00 0.0825
    8.9932E-01   5.48308E+00 0.0877
    9.0909E-01   5.44090E+00 0.0880
    9.1887E-01   3.75380E+00 0.1060
    9.2864E-01   4.89259E+00 0.0928
    9.3842E-01   5.82050E+00 0.0851
    9.4819E-01   4.17558E+00 0.1005
    9.5797E-01   4.89259E+00 0.0928
    9.6774E-01   4.04904E+00 0.1021
    9.7752E-01   4.51300E+00 0.0967
    9.8729E-01   4.59735E+00 0.0958
    9.9707E-01   4.04904E+00 0.1021
    1.0068E+00   3.92251E+00 0.1037
    1.0166E+00   2.30711E+01 0.0428
    1.0264E+00   4.34429E+00 0.0985
    1.0362E+00   4.04904E+00 0.1021
    1.0459E+00   4.72388E+00 0.0945
    1.0557E+00   3.45856E+00 0.1104
    1.0655E+00   3.79598E+00 0.1054
    1.0753E+00   3.75380E+00 0.1060
    1.0850E+00   4.21775E+00 0.1000
    1.0948E+00   3.92251E+00 0.1037
    1.1046E+00   3.50073E+00 0.1098
    1.1144E+00   3.88033E+00 0.1043
    1.1241E+00   3.96469E+00 0.1031
    1.1339E+00   4.00687E+00 0.1026
    1.1437E+00   3.92251E+00 0.1037
    1.1535E+00   3.79598E+00 0.1054
    1.1632E+00   3.88033E+00 0.1043
    1.1730E+00   7.04365E+00 0.0774
    1.1828E+00   3.41638E+00 0.1111
    1.1926E+00   4.30211E+00 0.0990
    1.2023E+00   3.20549E+00 0.1147
    1.2121E+00   2.95243E+00 0.1195
    1.2219E+00   1.07974E+01 0.0625
    1.2317E+00   3.54291E+00 0.1091
    1.2414E+00   3.41638E+00 0.1111
    1.2512E+00   3.33202E+00 0.1125
    1.2610E+00   3.88033E+00 0.1043
    1.2708E+00   3.16331E+00 0.1155
    1.2805E+00   2.53065E+00 0.1291
    1.2903E+00   3.88033E+00 0.1043
    1.3001E+00   3.24767E+00 0.1140
    1.3099E+00   3.20549E+00 0.1147
    1.3196E+00   2.82589E+00 0.1222
    1.3294E+00   3.07896E+00 0.1170
    1.3392E+00   2.99460E+00 0.1187
    1.3490E+00   3.37420E+00 0.1118
    1.3587E+00   3.37420E+00 0.1118
    1.3685E+00   2.78372E+00 0.1231
    1.3783E+00   2.69936E+00 0.1250
    1.3881E+00   3.41638E+00 0.1111
    1.3978E+00   2.69936E+00 0.1250
    1.4076E+00   3.88033E+00 0.1043
    1.4174E+00   2.86807E+00 0.1213
    1.4272E+00   3.12114E+00 0.1162
    1.4370E+00   2.65718E+00 0.1260
    1.4467E+00   2.44630E+00 0.1313
    1.4565E+00   2.78372E+00 0.1231
    1.4663E+00   3.62727E+00 0.1078
    1.4761E+00   3.37420E+00 0.1118
    1.4858E+00   2.69936E+00 0.1250
    1.4956E+00   2.99460E+00 0.1187
    1.5054E+00   2.74154E+00 0.1240
    1.5152E+00   2.69936E+00 0.1250
    1.5249E+00   2.19323E+00 0.1387
    1.5347E+00   2.95243E+00 0.1195
    1.5445E+00   2.74154E+00 0.1240
    1.5543E+00   2.69936E+00 0.1250
    1.5640E+00   2.44630E+00 0.1313
    1.5738E+00   3.83816E+00 0.1048
    1.5836E+00   2.86807E+00 0.1213
    1.5934E+00   2.65718E+00 0.1260
    1.6031E+00   2.86807E+00 0.1213
    1.6129E+00   2.57283E+00 0.1280
    1.6227E+00   2.40412E+00 0.1325
    1.6325E+00   3.24767E+00 0.1140
    1.6422E+00   2.36194E+00 0.1336
    1.6520E+00   3.20549E+00 0.1147
    1.6618E+00   2.15105E+00 0.1400
    1.6716E+00   2.36194E+00 0.1336
    1.6813E+00   2.91025E+00 0.1204
    1.6911E+00   2.44630E+00 0.1313
    1.7009E+00   3.28985E+00 0.1132
    1.7107E+00   2.40412E+00 0.1325
    1.7204E+00   5.56743E+00 0.0870
    1.7302E+00   4.93477E+00 0.0925
    1.7400E+00   2.27759E+00 0.1361
    1.7498E+00   1.94017E+00 0.1474
    1.7595E+00   2.27759E+00 0.1361
    1.7693E+00   1.19362E+01 0.0594
    1.7791E+00   1.81363E+00 0.1525
    1.7889E+00   2.06670E+00 0.1429
    1.7986E+00   1.51839E+00 0.1667
    1.8084E+00   1.81363E+00 0.1525
    1.8182E+00   2.15105E+00 0.1400
    1.8280E+00   1.81363E+00 0.1525
    1.8377E+00   1.22315E+00 0.1857
    1.8475E+00   2.36194E+00 0.1336
    1.8573E+00   2.61501E+00 0.1270
    1.8671E+00   1.72928E+00 0.1562
    1.8768E+00   1.85581E+00 0.1508
    1.8866E+00   1.60275E+00 0.1622
    1.8964E+00   2.02452E+00 0.1443
    1.9062E+00   1.89799E+00 0.1491
    1.9159E+00   1.85581E+00 0.1508
    1.9257E+00   1.98234E+00 0.1459
    1.9355E+00   2.31976E+00 0.1348
    1.9453E+00   1.18097E+00 0.1890
    1.9550E+00   3.07896E+00 0.1170
    1.9648E+00   2.69936E+00 0.1250
    1.9746E+00   1.98234E+00 0.1459
    1.9844E+00   2.44630E+00 0.1313
    1.9941E+00   3.12114E+00 0.1162
    2.0039E+00   1.98234E+00 0.1459
    2.0137E+00   1.81363E+00 0.1525
    2.0235E+00   2.10888E+00 0.1414
    2.0332E+00   1.72928E+00 0.1562
    2.0430E+00   2.10888E+00 0.1414
    2.0528E+00   1.60275E+00 0.1622
    2.0626E+00   1.60275E+00 0.1622
    2.0723E+00   1.89799E+00 0.1491
    2.0821E+00   1.56057E+00 0.1644
    2.0919E+00   1.39186E+00 0.1741
    2.1017E+00   1.72928E+00 0.1562
    2.1114E+00   1.64492E+00 0.1601
    2.1212E+00   1.47621E+00 0.1690
    2.1310E+00   1.13879E+00 0.1925
    2.1408E+00   2.19323E+00 0.1387
    2.1505E+00   1.89799E+00 0.1491
    2.1603E+00   2.23541E+00 0.1374
    2.1701E+00   1.94017E+00 0.1474
    2.1799E+00   2.48847E+00 0.1302
    2.1896E+00   2.10888E+00 0.1414
    2.1994E+00   1.43404E+00 0.1715
    2.2092E+00   1.89799E+00 0.1491
    2.2190E+00   8.77293E+00 0.0693
    2.2287E+00   2.36194E+00 0.1336
    2.2385E+00   1.51839E+00 0.1667
    2.2483E+00   1.13879E+00 0.1925
    2.2581E+00   1.60275E+00 0.1622
    2.2678E+00   1.72928E+00 0.1562
    2.2776E+00   1.26533E+00 0.1826
    2.2874E+00   1.77146E+00 0.1543
    2.2972E+00   1.51839E+00 0.1667
    2.3069E+00   1.05444E+00 0.2000
    2.3167E+00   2.10888E+00 0.1414
    2.3265E+00   1.72928E+00 0.1562
    2.3363E+00   1.60275E+00 0.1622
    2.3460E+00   1.43404E+00 0.1715
    2.3558E+00   1.68710E+00 0.1581
    2.3656E+00   1.26533E+00 0.1826
    2.3754E+00   1.34968E+00 0.1768
    2.3851E+00   1.43404E+00 0.1715
    2.3949E+00   1.13879E+00 0.1925
    2.4047E+00   1.05444E+00 0.2000
    2.4145E+00   1.34968E+00 0.1768
    2.4242E+00   1.26533E+00 0.1826
    2.4340E+00   1.60275E+00 0.1622
    2.4438E+00   1.34968E+00 0.1768
    2.4536E+00   1.09662E+00 0.1961
    2.4633E+00   1.26533E+00 0.1826
    2.4731E+00   1.98234E+00 0.1459
    2.4829E+00   1.30750E+00 0.1796
    2.4927E+00   2.44630E+00 0.1313
    2.5024E+00   2.40412E+00 0.1325
    2.5122E+00   1.51839E+00 0.1667
    2.5220E+00   1.26533E+00 0.1826
    2.5318E+00   1.22315E+00 0.1857
    2.5415E+00   8.85728E-01 0.2182
    2.5513E+00   8.43551E-01 0.2236
    2.5611E+00   1.47621E+00 0.1690
    2.5709E+00   1.30750E+00 0.1796
    2.5806E+00   2.31976E+00 0.1348
    2.5904E+00   1.13879E+00 0.1925
    2.6002E+00   1.60275E+00 0.1622
    2.6100E+00   1.18097E+00 0.1890
    2.6197E+00   1.01226E+00 0.2041
    2.6295E+00   9.70083E-01 0.2085
    2.6393E+00   9.27906E-01 0.2132
    2.6491E+00   4.89259E+00 0.0928
    2.6588E+00   1.39186E+00 0.1741
    2.6686E+00   1.39186E+00 0.1741
    2.6784E+00   1.30750E+00 0.1796
    2.6882E+00   1.22315E+00 0.1857
    2.6979E+00   3.54291E+00 0.1091
    2.7077E+00   1.05444E+00 0.2000
    2.7175E+00   1.77146E+00 0.1543
    2.7273E+00   1.68710E+00 0.1581
    2.7370E+00   1.26533E+00 0.1826
    2.7468E+00   1.26533E+00 0.1826
    2.7566E+00   1.39186E+00 0.1741
    2.7664E+00   8.01373E-01 0.2294
    2.7761E+00   8.85728E-01 0.2182
    2.7859E+00   1.01226E+00 0.2041
    2.7957E+00   8.43551E-01 0.2236
    2.8055E+00   1.09662E+00 0.1961
    2.8152E+00   1.22315E+00 0.1857
    2.8250E+00   9.27906E-01 0.2132
    2.8348E+00   1.26533E+00 0.1826
    2.8446E+00   1.39186E+00 0.1741
    2.8543E+00   9.70083E-01 0.2085
    2.8641E+00   1.68710E+00 0.1581
    2.8739E+00   7.59196E-01 0.2357
    2.8837E+00   6.32663E-01 0.2582
    2.8935E+00   9.27906E-01 0.2132
    2.9032E+00   7.59196E-01 0.2357
    2.9130E+00   1.01226E+00 0.2041
    2.9228E+00   6.32663E-01 0.2582
    2.9326E+00   7.59196E-01 0.2357
    2.9423E+00   1.26533E+00 0.1826
    2.9521E+00   8.01373E-01 0.2294
    2.9619E+00   7.59196E-01 0.2357
    2.9717E+00   8.43551E-01 0.2236
    2.9814E+00   2.15105E+00 0.1400
    2.9912E+00   6.74840E-01 0.2500
    3.0010E+00   5.06130E-01 0.2887
    3.0108E+00   6.20010E+00 0.0825
    3.0205E+00   7.17018E-01 0.2425
    3.0303E+00   3.37420E-01 0.3536
    3.0401E+00   5.90485E-01 0.2673
    3.0499E+00   6.74840E-01 0.2500
    3.0596E+00   6.74840E-01 0.2500
    3.0694E+00   9.70083E-01 0.2085
    3.0792E+00   6.32663E-01 0.2582
    3.0890E+00   2.74154E+00 0.1240
    3.0987E+00   6.74840E-01 0.2500
    3.1085E+00   2.31976E+00 0.1348
    3.1183E+00   9.70083E-01 0.2085
    3.1281E+00   9.27906E-01 0.2132
    3.1378E+00   7.59196E-01 0.2357
    3.1476E+00   7.17018E-01 0.2425
    3.1574E+00   6.74840E-01 0.2500
    3.1672E+00   7.17018E-01 0.2425
    3.1769E+00   2.10888E+00 0.1414
    3.1867E+00   5.48308E-01 0.2774
    3.1965E+00   2.10888E-01 0.4472
    3.2063E+00   9.27906E-01 0.2132
    3.2160E+00   5.48308E-01 0.2774
    3.2258E+00   6.74840E-01 0.2500
    3.2356E+00   4.63953E-01 0.3015
    3.2454E+00   3.79598E-01 0.3333
    3.2551E+00   6.74840E-01 0.2500
    3.2649E+00   7.59196E-01 0.2357
    3.2747E+00   7.17018E-01 0.2425
    3.2845E+00   6.74840E-01 0.2500
    3.2942E+00   3.79598E-01 0.3333
    3.3040E+00   5.48308E-01 0.2774
    3.3138E+00   5.90485E-01 0.2673
    3.3236E+00   4.21775E-01 0.3162
    3.3333E+00   5.90485E-01 0.2673
    3.3431E+00   5.48308E-01 0.2774
    3.3529E+00   5.90485E-01 0.2673
    3.3627E+00   4.21775E-01 0.3162
    3.3724E+00   3.79598E-01 0.3333
    3.3822E+00   5.48308E-01 0.2774
    3.3920E+00   4.21775E-01 0.3162
    3.4018E+00   3.79598E-01 0.3333
    3.4115E+00   5.90485E-01 0.2673
    3.4213E+00   6.32663E-01 0.2582
    3.4311E+00   5.06130E-01 0.2887
    3.4409E+00   6.32663E-01 0.2582
    3.4506E+00   6.74840E-01 0.2500
    3.4604E+00   7.17018E-01 0.2425
    3.4702E+00   2.53065E-01 0.4082
    3.4800E+00   5.48308E-01 0.2774
    3.4897E+00   3.79598E-01 0.3333
    3.4995E+00   2.95243E-01 0.3780
    3.5093E+00   4.63953E-01 0.3015
    3.5191E+00   4.21775E-01 0.3162
    3.5288E+00   6.32663E-01 0.2582
    3.5386E+00   3.37420E-01 0.3536
    3.5484E+00   7.17018E-01 0.2425
    3.5582E+00   4.63953E-01 0.3015
    3.5679E+00   5.06130E-01 0.2887
    3.5777E+00   4.63953E-01 0.3015
    3.5875E+00   4.21775E-01 0.3162
    3.5973E+00   4.63953E-01 0.3015
    3.6070E+00   9.70083E-01 0.2085
    3.6168E+00   5.90485E-01 0.2673
    3.6266E+00   3.79598E-01 0.3333
    3.6364E+00   1.34968E+00 0.1768
    3.6461E+00   4.63953E-01 0.3015
    3.6559E+00   3.79598E-01 0.3333
    3.6657E+00   4.63953E-01 0.3015
    3.6755E+00   5.48308E-01 0.2774
    3.6852E+00   3.37420E-01 0.3536
    3.6950E+00   3.79598E-01 0.3333
    3.7048E+00   5.06130E-01 0.2887
    3.7146E+00   9.27906E-01 0.2132
    3.7243E+00   4.21775E-01 0.3162
    3.7341E+00   3.79598E-01 0.3333
    3.7439E+00   9.70083E-01 0.2085
    3.7537E+00   4.21775E-01 0.3162
    3.7634E+00   2.95243E-01 0.3780
    3.7732E+00   4.63953E-01 0.3015
    3.7830E+00   4.21775E-01 0.3162
    3.7928E+00   3.37420E-01 0.3536
    3.8025E+00   2.95243E-01 0.3780
    3.8123E+00   4.21775E-01 0.3162
    3.8221E+00   5.90485E-01 0.2673
    3.8319E+00   2.53065E-01 0.4082
    3.8416E+00   5.06130E-01 0.2887
    3.8514E+00   4.21775E-01 0.3162
    3.8612E+00   2.95243E-01 0.3780
    3.8710E+00   4.21775E-01 0.3162
    3.8807E+00   5.06130E-01 0.2887
    3.8905E+00   3.79598E-01 0.3333
    3.9003E+00   2.95243E-01 0.3780
    3.9101E+00   2.95243E-01 0.3780
    3.9198E+00   6.74840E-01 0.2500
    3.9296E+00   5.48308E-01 0.2774
    3.9394E+00   6.32663E-01 0.2582
    3.9492E+00   2.10888E-01 0.4472
    3.9589E+00   3.79598E-01 0.3333
    3.9687E+00   3.37420E-01 0.3536
    3.9785E+00   2.53065E-01 0.4082
    3.9883E+00   5.06130E-01 0.2887
    3.9980E+00   6.32663E-01 0.2582
    4.0078E+00   1.26533E-01 0.5774
    4.0176E+00   4.21775E-01 0.3162
    4.0274E+00   3.79598E-01 0.3333
    4.0371E+00   2.95243E-01 0.3780
    4.0469E+00   5.48308E-01 0.2774
    4.0567E+00   5.48308E-01 0.2774
    4.0665E+00   3.37420E-01 0.3536
    4.0762E+00   4.63953E-01 0.3015
    4.0860E+00   1.26533E-01 0.5774
    4.0958E+00   2.10888E-01 0.4472
    4.1056E+00   1.68710E-01 0.5000
    4.1153E+00   1.05444E+00 0.2000
    4.1251E+00   3.79598E-01 0.3333
    4.1349E+00   6.32663E-01 0.2582
    4.1447E+00   5.06130E-01 0.2887
    4.1544E+00   3.37420E-01 0.3536
    4.1642E+00   1.68710E-01 0.5000
    4.1740E+00   3.37420E-01 0.3536
    4.1838E+00   4.21775E-01 0.3162
    4.1935E+00   2.53065E-01 0.4082
    4.2033E+00   3.37420E-01 0.3536
    4.2131E+00   5.90485E-01 0.2673
    4.2229E+00   1.26533E-01 0.5774
    4.2326E+00   4.63953E-01 0.3015
    4.2424E+00   2.10888E-01 0.4472
    4.2522E+00   2.95243E-01 0.3780
    4.2620E+00   1.68710E-01 0.5000
    4.2717E+00   2.95243E-01 0.3780
    4.2815E+00   4.63953E-01 0.3015
    4.2913E+00   2.10888E-01 0.4472
    4.3011E+00   2.10888E-01 0.4472
    4.3109E+00   4.63953E-01 0.3015
    4.3206E+00   4.21775E-01 0.3162
    4.3304E+00   1.68710E-01 0.5000
    4.3402E+00   3.79598E-01 0.3333
    4.3500E+00   3.37420E-01 0.3536
    4.3597E+00   2.53065E-01 0.4082
    4.3695E+00   1.68710E-01 0.5000
    4.3793E+00   3.37420E-01 0.3536
    4.3891E+00   3.37420E-01 0.3536
    4.3988E+00   2.53065E-01 0.4082
    4.4086E+00   2.95243E-01 0.3780
    4.4184E+00   1.26533E-01 0.5774
    4.4282E+00   2.53065E-01 0.4082
    4.4379E+00   5.90485E-01 0.2673
    4.4477E+00   2.95243E-01 0.3780
    4.4575E+00   1.68710E-01 0.5000
    4.4673E+00   2.95243E-01 0.3780
    4.4770E+00   4.63953E-01 0.3015
    4.4868E+00   2.95243E-01 0.3780
    4.4966E+00   3.37420E-01 0.3536
    4.5064E+00   4.21775E-02 1.0000
    4.5161E+00   4.21775E-01 0.3162
    4.5259E+00   2.53065E-01 0.4082
    4.5357E+00   8.43551E-02 0.7071
    4.5455E+00   1.26533E-01 0.5774
    4.5552E+00   3.79598E-01 0.3333
    4.5650E+00   1.68710E-01 0.5000
    4.5748E+00   2.95243E-01 0.3780
    4.5846E+00   2.53065E-01 0.4082
    4.5943E+00   2.10888E-01 0.4472
    4.6041E+00   2.53065E-01 0.4082
    4.6139E+00   2.53065E-01 0.4082
    4.6237E+00   3.79598E-01 0.3333
    4.6334E+00   1.68710E-01 0.5000
    4.6432E+00   2.95243E-01 0.3780
    4.6530E+00   2.95243E-01 0.3780
    4.6628E+00   5.90485E-01 0.2673
    4.6725E+00   8.43551E-02 0.7071
    4.6823E+00   1.26533E-01 0.5774
    4.6921E+00   2.95243E-01 0.3780
    4.7019E+00   2.95243E-01 0.3780
    4.7116E+00   3.79598E-01 0.3333
    4.7214E+00   1.68710E-01 0.5000
    4.7312E+00   2.10888E-01 0.4472
    4.7410E+00   2.53065E-01 0.4082
    4.7507E+00   3.37420E-01 0.3536
    4.7605E+00   1.26533E-01 0.5774
    4.7703E+00   1.26533E-01 0.5774
    4.7801E+00   2.10888E-01 0.4472
    4.7898E+00   2.95243E-01 0.3780
    4.7996E+00   1.26533E-01 0.5774
    4.8094E+00   1.26533E-01 0.5774
    4.8192E+00   3.79598E-01 0.3333
    4.8289E+00   2.53065E-01 0.4082
    4.8387E+00   1.68710E-01 0.5000
    4.8485E+00   2.53065E-01 0.4082
    4.8583E+00   2.10888E-01 0.4472
    4.8680E+00   1.68710E-01 0.5000
    4.8778E+00   2.53065E-01 0.4082
    4.8876E+00   2.95243E-01 0.3780
    4.8974E+00   8.43551E-02 0.7071
    4.9071E+00   2.53065E-01 0.4082
    4.9169E+00   1.68710E-01 0.5000
    4.9267E+00   8.43551E-02 0.7071
    4.9365E+00   1.68710E-01 0.5000
    4.9462E+00   4.63953E-01 0.3015
    4.9560E+00   2.10888E-01 0.4472
    4.9658E+00   1.26533E-01 0.5774
    4.9756E+00   8.43551E-02 0.7071
    4.9853E+00   2.10888E-01 0.4472
    4.9951E+00   2.10888E-01 0.4472
    5.0049E+00   2.95243E-01 0.3780
    5.0147E+00   2.53065E-01 0.4082
    5.0244E+00   2.53065E-01 0.4082
    5.0342E+00   4.21775E-02 1.0000
    5.0440E+00   2.53065E-01 0.4082
    5.0538E+00   1.68710E-01 0.5000
    5.0635E+00   1.68710E-01 0.5000
    5.0733E+00   2.10888E-01 0.4472
    5.0831E+00   3.37420E-01 0.3536
    5.0929E+00   6.32663E-01 0.2582
    5.1026E+00   1.26533E-01 0.5774
    5.1124E+00   1.68710E-01 0.5000
    5.1222E+00   2.95243E-01 0.3780
    5.1320E+00   8.43551E-02 0.7071
    5.1417E+00   3.37420E-01 0.3536
    5.1515E+00   1.68710E-01 0.5000
    5.1613E+00   1.68710E-01 0.5000
    5.1711E+00   2.95243E-01 0.3780
    5.1808E+00   2.53065E-01 0.4082
    5.1906E+00   2.10888E-01 0.4472
    5.2004E+00   2.95243E-01 0.3780
    5.2102E+00   5.48308E-01 0.2774
    5.2199E+00   2.95243E-01 0.3780
    5.2297E+00   2.95243E-01 0.3780
    5.2395E+00   2.53065E-01 0.4082
    5.2493E+00   1.68710E-01 0.5000
    5.2590E+00   1.68710E-01 0.5000
    5.2688E+00   1.68710E-01 0.5000
    5.2786E+00   3.37420E-01 0.3536
    5.2884E+00   2.10888E-01 0.4472
    5.2981E+00   1.26533E-01 0.5774
    5.3079E+00   1.26533E-01 0.5774
    5.3177E+00   1.68710E-01 0.5000
    5.3275E+00   2.53065E-01 0.4082
    5.3372E+00   1.26533E-01 0.5774
    5.3470E+00   2.53065E-01 0.4082
    5.3568E+00   2.10888E-01 0.4472
    5.3666E+00   1.68710E-01 0.5000
    5.3763E+00   4.21775E-02 1.0000
    5.3861E+00   2.53065E-01 0.4082
    5.3959E+00   4.21775E-01 0.3162
    5.4057E+00   2.53065E-01 0.4082
    5.4154E+00   8.43551E-02 0.7071
    5.4252E+00   1.68710E-01 0.5000
    5.4350E+00   2.53065E-01 0.4082
    5.4448E+00   2.10888E-01 0.4472
    5.4545E+00   1.26533E-01 0.5774
    5.4643E+00   2.10888E-01 0.4472
    5.4741E+00   1.26533E-01 0.5774
    5.4839E+00   1.68710E-01 0.5000
    5.4936E+00   1.26533E-01 0.5774
    5.5034E+00   0.00000E+00 0.0000
    5.5132E+00   2.10888E-01 0.4472
    5.5230E+00   3.37420E-01 0.3536
    5.5327E+00   2.10888E-01 0.4472
    5.5425E+00   4.21775E-02 1.0000
    5.5523E+00   1.68710E-01 0.5000
    5.5621E+00   1.68710E-01 0.5000
    5.5718E+00   1.68710E-01 0.5000
    5.5816E+00   1.26533E-01 0.5774
    5.5914E+00   2.53065E-01 0.4082
    5.6012E+00   1.34968E+00 0.1768
    5.6109E+00   3.79598E-01 0.3333
    5.6207E+00   3.37420E-01 0.3536
    5.6305E+00   2.10888E-01 0.4472
    5.6403E+00   1.68710E-01 0.5000
    5.6500E+00   3.37420E-01 0.3536
    5.6598E+00   1.68710E-01 0.5000
    5.6696E+00   2.95243E-01 0.3780
    5.6794E+00   2.95243E-01 0.3780
    5.6891E+00   2.53065E-01 0.4082
    5.6989E+00   2.53065E-01 0.4082
    5.7087E+00   2.95243E-01 0.3780
    5.7185E+00   3.37420E-01 0.3536
    5.7283E+00   2.53065E-01 0.4082
    5.7380E+00   2.95243E-01 0.3780
    5.7478E+00   2.53065E-01 0.4082
    5.7576E+00   8.43551E-02 0.7071
    5.7674E+00   1.68710E-01 0.5000
    5.7771E+00   2.95243E-01 0.3780
    5.7869E+00   1.26533E-01 0.5774
    5.7967E+00   2.53065E-01 0.4082
    5.8065E+00   8.43551E-02 0.7071
    5.8162E+00   8.43551E-02 0.7071
    5.8260E+00   8.43551E-02 0.7071
    5.8358E+00   1.68710E-01 0.5000
    5.8456E+00   2.53065E-01 0.4082
    5.8553E+00   2.10888E-01 0.4472
    5.8651E+00   3.37420E-01 0.3536
    5.8749E+00   1.26533E-01 0.5774
    5.8847E+00   2.95243E-01 0.3780
    5.8944E+00   1.26533E-01 0.5774
    5.9042E+00   3.37420E-01 0.3536
    5.9140E+00   2.10888E-01 0.4472
    5.9238E+00   2.53065E-01 0.4082
    5.9335E+00   2.53065E-01 0.4082
    5.9433E+00   2.10888E-01 0.4472
    5.9531E+00   1.68710E-01 0.5000
    5.9629E+00   2.53065E-01 0.4082
    5.9726E+00   4.21775E-02 1.0000
    5.9824E+00   8.43551E-02 0.7071
    5.9922E+00   1.26533E-01 0.5774
    6.0020E+00   2.53065E-01 0.4082
    6.0117E+00   8.43551E-02 0.7071
    6.0215E+00   1.26533E-01 0.5774
    6.0313E+00   8.43551E-02 0.7071
    6.0411E+00   4.21775E-02 1.0000
    6.0508E+00   1.68710E-01 0.5000
    6.0606E+00   8.43551E-02 0.7071
    6.0704E+00   2.10888E-01 0.4472
    6.0802E+00   4.21775E-02 1.0000
    6.0899E+00   1.26533E-01 0.5774
    6.0997E+00   4.21775E-02 1.0000
    6.1095E+00   3.79598E-01 0.3333
    6.1193E+00   1.26533E+00 0.1826
    6.1290E+00   0.00000E+00 0.0000
    6.1388E+00   1.68710E-01 0.5000
    6.1486E+00   1.68710E-01 0.5000
    6.1584E+00   0.00000E+00 0.0000
    6.1681E+00   8.43551E-02 0.7071
    6.1779E+00   2.10888E-01 0.4472
    6.1877E+00   2.95243E-01 0.3780
    6.1975E+00   1.26533E-01 0.5774
    6.2072E+00   4.21775E-02 1.0000
    6.2170E+00   1.26533E-01 0.5774
    6.2268E+00   8.43551E-02 0.7071
    6.2366E+00   1.26533E-01 0.5774
    6.2463E+00   1.26533E-01 0.5774
    6.2561E+00   2.10888E-01 0.4472
    6.2659E+00   4.21775E-02 1.0000
    6.2757E+00   2.10888E-01 0.4472
    6.2854E+00   1.68710E-01 0.5000
    6.2952E+00   8.43551E-02 0.7071
    6.3050E+00   8.43551E-02 0.7071
    6.3148E+00   1.26533E-01 0.5774
    6.3245E+00   0.00000E+00 0.0000
    6.3343E+00   8.43551E-02 0.7071
    6.3441E+00   1.68710E-01 0.5000
    6.3539E+00   0.00000E+00 0.0000
    6.3636E+00   1.68710E-01 0.5000
    6.3734E+00   4.21775E-02 1.0000
    6.3832E+00   8.43551E-02 0.7071
    6.3930E+00   3.37420E-01 0.3536
    6.4027E+00   1.26533E-01 0.5774
    6.4125E+00   1.68710E-01 0.5000
    6.4223E+00   2.10888E-01 0.4472
    6.4321E+00   0.00000E+00 0.0000
    6.4418E+00   1.26533E-01 0.5774
    6.4516E+00   1.26533E-01 0.5774
    6.4614E+00   8.43551E-02 0.7071
    6.4712E+00   2.53065E-01 0.4082
    6.4809E+00   4.21775E-02 1.0000
    6.4907E+00   8.43551E-02 0.7071
    6.5005E+00   8.43551E-02 0.7071
    6.5103E+00   8.43551E-02 0.7071
    6.5200E+00   1.26533E-01 0.5774
    6.5298E+00   4.21775E-02 1.0000
    6.5396E+00   1.26533E-01 0.5774
    6.5494E+00   8.43551E-02 0.7071
    6.5591E+00   0.00000E+00 0.0000
    6.5689E+00   8.43551E-02 0.7071
    6.5787E+00   1.26533E-01 0.5774
    6.5885E+00   4.21775E-02 1.0000
    6.5982E+00   4.21775E-02 1.0000
    6.6080E+00   1.26533E-01 0.5774
    6.6178E+00   4.21775E-02 1.0000
    6.6276E+00   6.74840E-01 0.2500
    6.6373E+00   2.95243E-01 0.3780
    6.6471E+00   8.43551E-02 0.7071
    6.6569E+00   1.26533E-01 0.5774
    6.6667E+00   1.26533E-01 0.5774
    6.6764E+00   2.53065E-01 0.4082
    6.6862E+00   4.21775E-02 1.0000
    6.6960E+00   8.43551E-02 0.7071
    6.7058E+00   0.00000E+00 0.0000
    6.7155E+00   0.00000E+00 0.0000
    6.7253E+00   0.00000E+00 0.0000
    6.7351E+00   4.21775E-02 1.0000
    6.7449E+00   8.43551E-02 0.7071
    6.7546E+00   0.00000E+00 0.0000
    6.7644E+00   2.10888E-01 0.4472
    6.7742E+00   2.10888E-01 0.4472
    6.7840E+00   8.43551E-02 0.7071
    6.7937E+00   4.21775E-02 1.0000
    6.8035E+00   4.21775E-02 1.0000
    6.8133E+00   4.21775E-02 1.0000
    6.8231E+00   2.53065E-01 0.4082
    6.8328E+00   8.43551E-02 0.7071
    6.8426E+00   4.21775E-02 1.0000
    6.8524E+00   0.00000E+00 0.0000
    6.8622E+00   4.21775E-02 1.0000
    6.8719E+00   0.00000E+00 0.0000
    6.8817E+00   0.00000E+00 0.0000
    6.8915E+00   8.43551E-02 0.7071
    6.9013E+00   8.43551E-02 0.7071
    6.9110E+00   7.17018E-01 0.2425
    6.9208E+00   8.43551E-02 0.7071
    6.9306E+00   4.21775E-02 1.0000
    6.9404E+00   8.43551E-02 0.7071
    6.9501E+00   4.21775E-02 1.0000
    6.9599E+00   4.21775E-02 1.0000
    6.9697E+00   8.43551E-02 0.7071
    6.9795E+00   0.00000E+00 0.0000
    6.9892E+00   8.43551E-02 0.7071
    6.9990E+00   4.21775E-02 1.0000
    7.0088E+00   1.26533E-01 0.5774
    7.0186E+00   0.00000E+00 0.0000
    7.0283E+00   0.00000E+00 0.0000
    7.0381E+00   8.43551E-02 0.7071
    7.0479E+00   1.26533E-01 0.5774
    7.0577E+00   4.21775E-02 1.0000
    7.0674E+00   4.21775E-02 1.0000
    7.0772E+00   2.10888E-01 0.4472
    7.0870E+00   1.26533E-01 0.5774
    7.0968E+00   4.21775E-02 1.0000
    7.1065E+00   4.21775E-02 1.0000
    7.1163E+00   0.00000E+00 0.0000
    7.1261E+00   4.21775E-02 1.0000
    7.1359E+00   8.43551E-02 0.7071
    7.1457E+00   4.21775E-02 1.0000
    7.1554E+00   0.00000E+00 0.0000
    7.1652E+00   4.21775E-02 1.0000
    7.1750E+00   0.00000E+00 0.0000
    7.1848E+00   0.00000E+00 0.0000
    7.1945E+00   8.43551E-02 0.7071
    7.2043E+00   0.00000E+00 0.0000
    7.2141E+00   4.21775E-02 1.0000
    7.2239E+00   8.43551E-02 0.7071
    7.2336E+00   8.43551E-02 0.7071
    7.2434E+00   4.21775E-02 1.0000
    7.2532E+00   8.43551E-02 0.7071
    7.2630E+00   0.00000E+00 0.0000
    7.2727E+00   0.00000E+00 0.0000
    7.2825E+00   7.59196E-01 0.2357
    7.2923E+00   4.21775E-02 1.0000
    7.3021E+00   4.21775E-02 1.0000
    7.3118E+00   4.21775E-02 1.0000
    7.3216E+00   4.21775E-02 1.0000
    7.3314E+00   8.43551E-02 0.7071
    7.3412E+00   4.21775E-02 1.0000
    7.3509E+00   4.21775E-02 1.0000
    7.3607E+00   4.21775E-02 1.0000
    7.3705E+00   0.00000E+00 0.0000
    7.3803E+00   8.43551E-02 0.7071
    7.3900E+00   8.43551E-02 0.7071
    7.3998E+00   4.21775E-02 1.0000
    7.4096E+00   4.21775E-02 1.0000
    7.4194E+00   4.21775E-01 0.3162
    7.4291E+00   0.00000E+00 0.0000
    7.4389E+00   4.21775E-02 1.0000
    7.4487E+00   0.00000E+00 0.0000
    7.4585E+00   4.21775E-02 1.0000
    7.4682E+00   8.43551E-02 0.7071
    7.4780E+00   4.21775E-02 1.0000
    7.4878E+00   0.00000E+00 0.0000
    7.4976E+00   4.21775E-02 1.0000
    7.5073E+00   0.00000E+00 0.0000
    7.5171E+00   0.00000E+00 0.0000
    7.5269E+00   0.00000E+00 0.0000
    7.5367E+00   0.00000E+00 0.0000
    7.5464E+00   8.43551E-02 0.7071
    7.5562E+00   4.21775E-02 1.0000
    7.5660E+00   1.26533E-01 0.5774
    7.5758E+00   8.43551E-02 0.7071
    7.5855E+00   4.21775E-02 1.0000
    7.5953E+00   0.00000E+00 0.0000
    7.6051E+00   0.00000E+00 0.0000
    7.6149E+00   4.21775E-02 1.0000
    7.6246E+00   4.21775E-02 1.0000
    7.6344E+00   4.21775E-02 1.0000
    7.6442E+00   0.00000E+00 0.0000
    7.6540E+00   0.00000E+00 0.0000
    7.6637E+00   0.00000E+00 0.0000
    7.6735E+00   4.21775E-02 1.0000
    7.6833E+00   0.00000E+00 0.0000
    7.6931E+00   0.00000E+00 0.0000
    7.7028E+00   0.00000E+00 0.0000
    7.7126E+00   0.00000E+00 0.0000
    7.7224E+00   4.21775E-02 1.0000
    7.7322E+00   0.00000E+00 0.0000
    7.7419E+00   4.21775E-02 1.0000
    7.7517E+00   0.00000E+00 0.0000
    7.7615E+00   0.00000E+00 0.0000
    7.7713E+00   0.00000E+00 0.0000
    7.7810E+00   0.00000E+00 0.0000
    7.7908E+00   3.37420E-01 0.3536
    7.8006E+00   4.21775E-02 1.0000
    7.8104E+00   4.21775E-02 1.0000
    7.8201E+00   0.00000E+00 0.0000
    7.8299E+00   4.21775E-02 1.0000
    7.8397E+00   4.21775E-02 1.0000
    7.8495E+00   0.00000E+00 0.0000
    7.8592E+00   4.21775E-02 1.0000
    7.8690E+00   4.21775E-02 1.0000
    7.8788E+00   0.00000E+00 0.0000
    7.8886E+00   0.00000E+00 0.0000
    7.8983E+00   0.00000E+00 0.0000
    7.9081E+00   0.00000E+00 0.0000
    7.9179E+00   8.43551E-02 0.7071
    7.9277E+00   4.21775E-02 1.0000
    7.9374E+00   4.21775E-02 1.0000
    7.9472E+00   0.00000E+00 0.0000
    7.9570E+00   0.00000E+00 0.0000
    7.9668E+00   0.00000E+00 0.0000
    7.9765E+00   0.00000E+00 0.0000
    7.9863E+00   0.00000E+00 0.0000
    7.9961E+00   0.00000E+00 0.0000
    8.0059E+00   0.00000E+00 0.0000
    8.0156E+00   4.21775E-02 1.0000
    8.0254E+00   0.00000E+00 0.0000
    8.0352E+00   4.21775E-02 1.0000
    8.0450E+00   0.00000E+00 0.0000
    8.0547E+00   0.00000E+00 0.0000
    8.0645E+00   4.21775E-02 1.0000
    8.0743E+00   3.37420E-01 0.3536
    8.0841E+00   4.21775E-02 1.0000
    8.0938E+00   0.00000E+00 0.0000
    8.1036E+00   0.00000E+00 0.0000
    8.1134E+00   4.21775E-02 1.0000
    8.1232E+00   0.00000E+00 0.0000
    8.1329E+00   0.00000E+00 0.0000
    8.1427E+00   4.21775E-02 1.0000
    8.1525E+00   0.00000E+00 0.0000
    8.1623E+00   0.00000E+00 0.0000
    8.1720E+00   0.00000E+00 0.0000
    8.1818E+00   0.00000E+00 0.0000
    8.1916E+00   0.00000E+00 0.0000
    8.2014E+00   0.00000E+00 0.0000
    8.2111E+00   0.00000E+00 0.0000
    8.2209E+00   4.21775E-02 1.0000
    8.2307E+00   0.00000E+00 0.0000
    8.2405E+00   0.00000E+00 0.0000
    8.2502E+00   0.00000E+00 0.0000
    8.2600E+00   4.21775E-02 1.0000
    8.2698E+00   8.43551E-02 0.7071
    8.2796E+00   0.00000E+00 0.0000
    8.2893E+00   8.43551E-02 0.7071
    8.2991E+00   0.00000E+00 0.0000
    8.3089E+00   4.21775E-02 1.0000
    8.3187E+00   0.00000E+00 0.0000
    8.3284E+00   0.00000E+00 0.0000
    8.3382E+00   0.00000E+00 0.0000
    8.3480E+00   0.00000E+00 0.0000
    8.3578E+00   0.00000E+00 0.0000
    8.3675E+00   0.00000E+00 0.0000
    8.3773E+00   0.00000E+00 0.0000
    8.3871E+00   0.00000E+00 0.0000
    8.3969E+00   0.00000E+00 0.0000
    8.4066E+00   0.00000E+00 0.0000
    8.4164E+00   0.00000E+00 0.0000
    8.4262E+00   0.00000E+00 0.0000
    8.4360E+00   8.43551E-02 0.7071
    8.4457E+00   0.00000E+00 0.0000
    8.4555E+00   0.00000E+00 0.0000
    8.4653E+00   0.00000E+00 0.0000
    8.4751E+00   0.00000E+00 0.0000
    8.4848E+00   0.00000E+00 0.0000
    8.4946E+00   4.21775E-02 1.0000
    8.5044E+00   0.00000E+00 0.0000
    8.5142E+00   0.00000E+00 0.0000
    8.5239E+00   0.00000E+00 0.0000
    8.5337E+00   0.00000E+00 0.0000
    8.5435E+00   0.00000E+00 0.0000
    8.5533E+00   0.00000E+00 0.0000
    8.5630E+00   0.00000E+00 0.0000
    8.5728E+00   0.00000E+00 0.0000
    8.5826E+00   1.26533E-01 0.5774
    8.5924E+00   4.21775E-02 1.0000
    8.6022E+00   0.00000E+00 0.0000
    8.6119E+00   0.00000E+00 0.0000
    8.6217E+00   0.00000E+00 0.0000
    8.6315E+00   0.00000E+00 0.0000
    8.6413E+00   0.00000E+00 0.0000
    8.6510E+00   0.00000E+00 0.0000
    8.6608E+00   4.21775E-02 1.0000
    8.6706E+00   4.21775E-02 1.0000
    8.6804E+00   4.21775E-02 1.0000
    8.6901E+00   0.00000E+00 0.0000
    8.6999E+00   0.00000E+00 0.0000
    8.7097E+00   0.00000E+00 0.0000
    8.7195E+00   4.21775E-02 1.0000
    8.7292E+00   0.00000E+00 0.0000
    8.7390E+00   0.00000E+00 0.0000
    8.7488E+00   0.00000E+00 0.0000
    8.7586E+00   0.00000E+00 0.0000
    8.7683E+00   0.00000E+00 0.0000
    8.7781E+00   0.00000E+00 0.0000
    8.7879E+00   0.00000E+00 0.0000
    8.7977E+00   0.00000E+00 0.0000
    8.8074E+00   4.21775E-02 1.0000
    8.8172E+00   0.00000E+00 0.0000
    8.8270E+00   0.00000E+00 0.0000
    8.8368E+00   4.21775E-02 1.0000
    8.8465E+00   0.00000E+00 0.0000
    8.8563E+00   0.00000E+00 0.0000
    8.8661E+00   0.00000E+00 0.0000
    8.8759E+00   0.00000E+00 0.0000
    8.8856E+00   0.00000E+00 0.0000
    8.8954E+00   0.00000E+00 0.0000
    8.9052E+00   0.00000E+00 0.0000
    8.9150E+00   0.00000E+00 0.0000
    8.9247E+00   4.21775E-02 1.0000
    8.9345E+00   4.21775E-02 1.0000
    8.9443E+00   0.00000E+00 0.0000
    8.9541E+00   0.00000E+00 0.0000
    8.9638E+00   0.00000E+00 0.0000
    8.9736E+00   0.00000E+00 0.0000
    8.9834E+00   0.00000E+00 0.0000
    8.9932E+00   0.00000E+00 0.0000
    9.0029E+00   0.00000E+00 0.0000
    9.0127E+00   0.00000E+00 0.0000
    9.0225E+00   0.00000E+00 0.0000
    9.0323E+00   4.21775E-02 1.0000
    9.0420E+00   0.00000E+00 0.0000
    9.0518E+00   0.00000E+00 0.0000
    9.0616E+00   0.00000E+00 0.0000
    9.0714E+00   0.00000E+00 0.0000
    9.0811E+00   0.00000E+00 0.0000
    9.0909E+00   0.00000E+00 0.0000
    9.1007E+00   0.00000E+00 0.0000
    9.1105E+00   0.00000E+00 0.0000
    9.1202E+00   4.21775E-02 1.0000
    9.1300E+00   0.00000E+00 0.0000
    9.1398E+00   0.00000E+00 0.0000
    9.1496E+00   0.00000E+00 0.0000
    9.1593E+00   0.00000E+00 0.0000
    9.1691E+00   0.00000E+00 0.0000
    9.1789E+00   0.00000E+00 0.0000
    9.1887E+00   4.21775E-02 1.0000
    9.1984E+00   0.00000E+00 0.0000
    9.2082E+00   0.00000E+00 0.0000
    9.2180E+00   0.00000E+00 0.0000
    9.2278E+00   0.00000E+00 0.0000
    9.2375E+00   0.00000E+00 0.0000
    9.2473E+00   0.00000E+00 0.0000
    9.2571E+00   0.00000E+00 0.0000
    9.2669E+00   0.00000E+00 0.0000
    9.2766E+00   4.21775E-02 1.0000
    9.2864E+00   0.00000E+00 0.0000
    9.2962E+00   0.00000E+00 0.0000
    9.3060E+00   0.00000E+00 0.0000
    9.3157E+00   4.21775E-02 1.0000
    9.3255E+00   0.00000E+00 0.0000
    9.3353E+00   0.00000E+00 0.0000
    9.3451E+00   0.00000E+00 0.0000
    9.3548E+00   0.00000E+00 0.0000
    9.3646E+00   0.00000E+00 0.0000
    9.3744E+00   0.00000E+00 0.0000
    9.3842E+00   0.00000E+00 0.0000
    9.3939E+00   0.00000E+00 0.0000
    9.4037E+00   0.00000E+00 0.0000
    9.4135E+00   0.00000E+00 0.0000
    9.4233E+00   0.00000E+00 0.0000
    9.4330E+00   0.00000E+00 0.0000
    9.4428E+00   4.21775E-02 1.0000
    9.4526E+00   4.21775E-02 1.0000
    9.4624E+00   0.00000E+00 0.0000
    9.4721E+00   0.00000E+00 0.0000
    9.4819E+00   4.21775E-02 1.0000
    9.4917E+00   0.00000E+00 0.0000
    9.5015E+00   0.00000E+00 0.0000
    9.5112E+00   0.00000E+00 0.0000
    9.5210E+00   0.00000E+00 0.0000
    9.5308E+00   0.00000E+00 0.0000
    9.5406E+00   0.00000E+00 0.0000
    9.5503E+00   0.00000E+00 0.0000
    9.5601E+00   4.21775E-02 1.0000
    9.5699E+00   0.00000E+00 0.0000
    9.5797E+00   0.00000E+00 0.0000
    9.5894E+00   0.00000E+00 0.0000
    9.5992E+00   0.00000E+00 0.0000
    9.6090E+00   0.00000E+00 0.0000
    9.6188E+00   0.00000E+00 0.0000
    9.6285E+00   0.00000E+00 0.0000
    9.6383E+00   0.00000E+00 0.0000
    9.6481E+00   0.00000E+00 0.0000
    9.6579E+00   4.21775E-02 1.0000
    9.6676E+00   0.00000E+00 0.0000
    9.6774E+00   4.21775E-02 1.0000
    9.6872E+00   0.00000E+00 0.0000
    9.6970E+00   0.00000E+00 0.0000
    9.7067E+00   0.00000E+00 0.0000
    9.7165E+00   0.00000E+00 0.0000
    9.7263E+00   0.00000E+00 0.0000
    9.7361E+00   0.00000E+00 0.0000
    9.7458E+00   0.00000E+00 0.0000
    9.7556E+00   0.00000E+00 0.0000
    9.7654E+00   0.00000E+00 0.0000
    9.7752E+00   0.00000E+00 0.0000
    9.7849E+00   0.00000E+00 0.0000
    9.7947E+00   0.00000E+00 0.0000
    9.8045E+00   0.00000E+00 0.0000
    9.8143E+00   0.00000E+00 0.0000
    9.8240E+00   0.00000E+00 0.0000
    9.8338E+00   0.00000E+00 0.0000
    9.8436E+00   0.00000E+00 0.0000
    9.8534E+00   0.00000E+00 0.0000
    9.8631E+00   0.00000E+00 0.0000
    9.8729E+00   0.00000E+00 0.0000
    9.8827E+00   0.00000E+00 0.0000
    9.8925E+00   0.00000E+00 0.0000
    9.9022E+00   4.21775E-02 1.0000
    9.9120E+00   0.00000E+00 0.0000
    9.9218E+00   0.00000E+00 0.0000
    9.9316E+00   0.00000E+00 0.0000
    9.9413E+00   0.00000E+00 0.0000
    9.9511E+00   0.00000E+00 0.0000
    9.9609E+00   0.00000E+00 0.0000
    9.9707E+00   0.00000E+00 0.0000
    9.9804E+00   0.00000E+00 0.0000
    9.9902E+00   0.00000E+00 0.0000
    1.0000E+01   0.00000E+00 0.0000