   0.000000   0.00000000 
   0.009775 1895.55290585 
   0.019550  72.10956428 
   0.029326  62.97746484 
   0.039101  75.45669841 
   0.048876 150.78300210 
   0.058651 258.98974004 
   0.068426 188.82054286 
   0.078201 143.82470798 
   0.087977 147.79920176 
   0.097752 151.36794151 
   0.107530 151.15351656 
   0.117300 148.34125561 
   0.127080 142.26137803 
   0.136850 133.71410696 
   0.146630 122.73787106 
   0.156400 109.80278460 
   0.166180  99.39262771 
   0.175950  93.81850588 
   0.185730  92.46047534 
   0.195500  93.90101142 
   0.205280  92.04900477 
   0.215050  82.18968073 
   0.224830  69.24886008 
   0.234600  59.75448285 
   0.244380  54.15621400 
   0.254150  50.36527513 
   0.263930  47.02171463 
   0.273700  43.64253680 
   0.283480  40.27550477 
   0.293260  37.15149132 
   0.303030  34.36499466 
   0.312810  31.89675390 
   0.322580  29.76281595 
   0.332360  28.01402207 
   0.342130  26.68834347 
   0.351910  25.74762508 
   0.361680  25.12080020 
   0.371460  24.78312581 
   0.381230  24.84236184 
   0.391010  25.51451254 
   0.400780  26.89942475 
   0.410560  28.73012180 
   0.420330  30.50154530 
   0.430110  32.03552695 
   0.439880  33.74476400 
   0.449660  36.14719465 
   0.459430  38.98659879 
   0.469210  40.91424728 
   0.478980  40.22967813 
   0.488760  36.31468967 
   0.498530  30.31517257 
   0.508310  24.19350454 
   0.518080  19.28869016 
   0.527860  15.78608758 
   0.537630  13.34052209 
   0.547410  11.66744978 
   0.557180  10.66587061 
   0.566960  10.24265675 
   0.576740  10.24133808 
   0.586510  10.47817458 
   0.596290  10.80370241 
   0.606060  11.11741483 
   0.615840  11.34640167 
   0.625610  11.41534715 
   0.635390  11.25572267 
   0.645160  10.84791356 
   0.654940  10.24850258 
   0.664710   9.56970276 
   0.674490   8.91777615 
   0.684260   8.35732752 
   0.694040   7.90626712 
   0.703810   7.56455598 
   0.713590   7.32989232 
   0.723360   7.20169865 
   0.733140   7.16943991 
   0.742910   7.20798642 
   0.752690   7.28323667 
   0.762460   7.36480685 
   0.772240   7.43580692 
   0.782010   7.49322459 
   0.791790   7.54431847 
   0.801560   7.60013813 
   0.811340   7.66666294 
   0.821110   7.73151475 
   0.830890   7.75697037 
   0.840660   7.68959582 
   0.850440   7.48774181 
   0.860220   7.14939278 
   0.869990   6.71885409 
   0.879770   6.26471411 
   0.889540   5.85152460 
   0.899320   5.51477238 
   0.909090   5.26207551 
   0.918870   5.08272357 
   0.928640   4.96503609 
   0.938420   4.90552496 
   0.948190   4.91377039 
   0.957970   5.00862286 
   0.967740   5.20688662 
   0.977520   5.50704308 
   0.987290   5.87190217 
   0.997070   6.22770004 
   1.006800   6.47791091 
   1.016600   6.54308433 
   1.026400   6.38584752 
   1.036200   6.03462197 
   1.045900   5.57360470 
   1.055700   5.08917168 
   1.065500   4.66533302 
   1.075300   4.34512489 
   1.085000   4.13684941 
   1.094800   4.02006930 
   1.104600   3.97366750 
   1.114400   3.97648424 
   1.124100   4.01281988 
   1.133900   4.07300253 
   1.143700   4.14847124 
   1.153500   4.23149526 
   1.163200   4.31393487 
   1.173000   4.39096469 
   1.182800   4.45554385 
   1.192600   4.50064547 
   1.202300   4.51731001 
   1.212100   4.49579116 
   1.221900   4.42759031 
   1.231700   4.31099779 
   1.241400   4.15545796 
   1.251200   3.97389564 
   1.261000   3.78815131 
   1.270800   3.61688662 
   1.280500   3.47374118 
   1.290300   3.36026878 
   1.300100   3.27628331 
   1.309900   3.21644160 
   1.319600   3.17492056 
   1.329400   3.14551960 
   1.339200   3.12467159 
   1.349000   3.10946666 
   1.358700   3.09788006 
   1.368500   3.08797295 
   1.378300   3.07837266 
   1.388100   3.06776888 
   1.397800   3.05537175 
   1.407600   3.04064180 
   1.417400   3.02417326 
   1.427200   3.00698404 
   1.437000   2.99005256 
   1.446700   2.97382500 
   1.456500   2.95723586 
   1.466300   2.93898784 
   1.476100   2.91771211 
   1.485800   2.89336865 
   1.495600   2.86676223 
   1.505400   2.84090158 
   1.515200   2.81915435 
   1.524900   2.80438889 
   1.534700   2.79742317 
   1.544500   2.79751947 
   1.554300   2.80196645 
   1.564000   2.80709858 
   1.573800   2.80963327 
   1.583600   2.80727979 
   1.593400   2.79957030 
   1.603100   2.78802977 
   1.612900   2.77535381 
   1.622700   2.76568474 
   1.632500   2.76363066 
   1.642200   2.77368300 
   1.652000   2.80021369 
   1.661800   2.84627204 
   1.671600   2.91307371 
   1.681300   2.99829994 
   1.691100   3.09939529 
   1.700900   3.20822130 
   1.710700   3.31488427 
   1.720400   3.40701535 
   1.730200   3.47465597 
   1.740000   3.50578861 
   1.749800   3.49198821 
   1.759500   3.42985474 
   1.769300   3.31918459 
   1.779100   3.16735445 
   1.788900   2.98666066 
   1.798600   2.79480805 
   1.808400   2.60407237 
   1.818200   2.43054341 
   1.828000   2.28398091 
   1.837700   2.16990356 
   1.847500   2.08575654 
   1.857300   2.02945398 
   1.867100   1.99614605 
   1.876800   1.98115220 
   1.886600   1.98037500 
   1.896400   1.99129904 
   1.906200   2.01184915 
   1.915900   2.03970553 
   1.925700   2.07300466 
   1.935500   2.10830949 
   1.945300   2.14176922 
   1.955000   2.16899767 
   1.964800   2.18669548 
   1.974600   2.19150110 
   1.984400   2.18171270 
   1.994100   2.15755101 
   2.003900   2.11998013 
   2.013700   2.07194921 
   2.023500   2.01709207 
   2.033200   1.95999632 
   2.043000   1.90338622 
   2.052800   1.85142708 
   2.062600   1.80721845 
   2.072300   1.77364938 
   2.082100   1.75216609 
   2.091900   1.74492090 
   2.101700   1.75323929 
   2.111400   1.77759616 
   2.121200   1.81862756 
   2.131000   1.87540604 
   2.140800   1.94602290 
   2.150500   2.02632732 
   2.160300   2.11323092 
   2.170100   2.19972437 
   2.179900   2.27847412 
   2.189600   2.34119511 
   2.199400   2.38209176 
   2.209200   2.39502457 
   2.219000   2.37740063 
   2.228700   2.33070050 
   2.238500   2.25822353 
   2.248300   2.16734856 
   2.258100   2.06662516 
   2.267800   1.96562223 
   2.277600   1.86937284 
   2.287400   1.78380512 
   2.297200   1.71116986 
   2.306900   1.65190918 
   2.316700   1.60304797 
   2.326500   1.56269992 
   2.336300   1.52832523 
   2.346000   1.49829914 
   2.355800   1.47101614 
   2.365600   1.44675327 
   2.375400   1.42621086 
   2.385100   1.41064262 
   2.394900   1.40088918 
   2.404700   1.39801436 
   2.414500   1.40232517 
   2.424200   1.41324375 
   2.434000   1.42978086 
   2.443800   1.44991462 
   2.453600   1.47117985 
   2.463300   1.49071362 
   2.473100   1.50643015 
   2.482900   1.51616933 
   2.492700   1.51888627 
   2.502400   1.51471238 
   2.512200   1.50471307 
   2.522000   1.49097703 
   2.531800   1.47616264 
   2.541500   1.46319602 
   2.551300   1.45433954 
   2.561100   1.45171219 
   2.570900   1.45651160 
   2.580600   1.46893074 
   2.590400   1.48878787 
   2.600200   1.51483683 
   2.610000   1.54530797 
   2.619700   1.57760573 
   2.629500   1.60981132 
   2.639300   1.63882081 
   2.649100   1.66189869 
   2.658800   1.67649062 
   2.668600   1.68097275 
   2.678400   1.67391260 
   2.688200   1.65490912 
   2.697900   1.62480156 
   2.707700   1.58425725 
   2.717500   1.53553059 
   2.727300   1.48114097 
   2.737000   1.42448052 
   2.746800   1.36718237 
   2.756600   1.31240426 
   2.766400   1.26224527 
   2.776100   1.21855060 
   2.785900   1.18107436 
   2.795700   1.15019545 
   2.805500   1.12515236 
   2.815200   1.10492221 
   2.825000   1.08770471 
   2.834800   1.07243689 
   2.844600   1.05818469 
   2.854300   1.04469286 
   2.864100   1.03191180 
   2.873900   1.02080275 
   2.883700   1.01263538 
   2.893500   1.00890305 
   2.903200   1.01098940 
   2.913000   1.02002868 
   2.922800   1.03654128 
   2.932600   1.06026227 
   2.942300   1.08974706 
   2.952100   1.12370898 
   2.961900   1.15934723 
   2.971700   1.19381447 
   2.981400   1.22402878 
   2.991200   1.24826072 
   3.001000   1.26454773 
   3.010800   1.27220769 
   3.020500   1.27157244 
   3.030300   1.26371536 
   3.040100   1.25021209 
   3.049900   1.23282099 
   3.059600   1.21330065 
   3.069400   1.19232059 
   3.079200   1.17056831 
   3.089000   1.14798888 
   3.098700   1.12439074 
   3.108500   1.09868994 
   3.118300   1.07058866 
   3.128100   1.03979719 
   3.137800   1.00671390 
   3.147600   0.97103409 
   3.157400   0.93373751 
   3.167200   0.89564628 
   3.176900   0.85802724 
   3.186700   0.82094515 
   3.196500   0.78553212 
   3.206300   0.75237969 
   3.216000   0.72220127 
   3.225800   0.69460868 
   3.235600   0.66998888 
   3.245400   0.64824695 
   3.255100   0.62934469 
   3.264900   0.61259031 
   3.274700   0.59784999 
   3.284500   0.58479192 
   3.294200   0.57324728 
   3.304000   0.56277553 
   3.313800   0.55338569 
   3.323600   0.54504186 
   3.333300   0.53783549 
   3.343100   0.53166659 
   3.352900   0.52665417 
   3.362700   0.52279394 
   3.372400   0.52003641 
   3.382200   0.51817348 
   3.392000   0.51701132 
   3.401800   0.51626800 
   3.411500   0.51564895 
   3.421300   0.51486617 
   3.431100   0.51371622 
   3.440900   0.51209419 
   3.450600   0.51004556 
   3.460400   0.50767908 
   3.470200   0.50527828 
   3.480000   0.50318512 
   3.489700   0.50178103 
   3.499500   0.50138374 
   3.509300   0.50229145 
   3.519100   0.50467531 
   3.528800   0.50852669 
   3.538600   0.51382425 
   3.548400   0.52030087 
   3.558200   0.52760695 
   3.567900   0.53522951 
   3.577700   0.54284909 
   3.587500   0.54990242 
   3.597300   0.55594084 
   3.607000   0.56055286 
   3.616800   0.56357099 
   3.626600   0.56480121 
   3.636400   0.56423427 
   3.646100   0.56200780 
   3.655900   0.55826797 
   3.665700   0.55327229 
   3.675500   0.54727264 
   3.685200   0.54056720 
   3.695000   0.53319308 
   3.704800   0.52533678 
   3.714600   0.51707186 
   3.724300   0.50853496 
   3.734100   0.49959656 
   3.743900   0.49041452 
   3.753700   0.48110237 
   3.763400   0.47191471 
   3.773200   0.46286060 
   3.783000   0.45425713 
   3.792800   0.44632397 
   3.802500   0.43932057 
   3.812300   0.43324474 
   3.822100   0.42825337 
   3.831900   0.42435627 
   3.841600   0.42151914 
   3.851400   0.41956614 
   3.861200   0.41836686 
   3.871000   0.41772588 
   3.880700   0.41743651 
   3.890500   0.41728999 
   3.900300   0.41710620 
   3.910100   0.41673459 
   3.919800   0.41607770 
   3.929600   0.41506719 
   3.939400   0.41370500 
   3.949200   0.41203648 
   3.958900   0.41016692 
   3.968700   0.40816970 
   3.978500   0.40618948 
   3.988300   0.40435176 
   3.998000   0.40278278 
   4.007800   0.40153692 
   4.017600   0.40068760 
   4.027400   0.40025387 
   4.037100   0.40021413 
   4.046900   0.40050817 
   4.056700   0.40103985 
   4.066500   0.40167494 
   4.076200   0.40224439 
   4.086000   0.40257667 
   4.095800   0.40247230 
   4.105600   0.40174565 
   4.115300   0.40025566 
   4.125100   0.39785315 
   4.134900   0.39448510 
   4.144700   0.39015178 
   4.154400   0.38497756 
   4.164200   0.37898253 
   4.174000   0.37239295 
   4.183800   0.36541938 
   4.193500   0.35835937 
   4.203300   0.35128540 
   4.213100   0.34446821 
   4.222900   0.33807146 
   4.232600   0.33227221 
   4.242400   0.32702379 
   4.252200   0.32241629 
   4.262000   0.31843535 
   4.271700   0.31506456 
   4.281500   0.31216243 
   4.291300   0.30968070 
   4.301100   0.30753109 
   4.310900   0.30563263 
   4.320600   0.30393579 
   4.330400   0.30235853 
   4.340200   0.30089092 
   4.350000   0.29952076 
   4.359700   0.29825810 
   4.369500   0.29707608 
   4.379300   0.29598059 
   4.389100   0.29495025 
   4.398800   0.29395599 
   4.408600   0.29292030 
   4.418400   0.29178170 
   4.428200   0.29046190 
   4.437900   0.28890413 
   4.447700   0.28701797 
   4.457500   0.28478566 
   4.467300   0.28220964 
   4.477000   0.27936226 
   4.486800   0.27626431 
   4.496600   0.27305685 
   4.506400   0.26987606 
   4.516100   0.26689720 
   4.525900   0.26419846 
   4.535700   0.26193281 
   4.545500   0.26018902 
   4.555200   0.25902335 
   4.565000   0.25841287 
   4.574800   0.25832742 
   4.584600   0.25867983 
   4.594300   0.25934109 
   4.604100   0.26018210 
   4.613900   0.26104280 
   4.623700   0.26177032 
   4.633400   0.26222225 
   4.643200   0.26229232 
   4.653000   0.26188772 
   4.662800   0.26095658 
   4.672500   0.25950094 
   4.682300   0.25750965 
   4.692100   0.25504519 
   4.701900   0.25218362 
   4.711600   0.24905329 
   4.721400   0.24569470 
   4.731200   0.24224767 
   4.741000   0.23881643 
   4.750700   0.23552663 
   4.760500   0.23238527 
   4.770300   0.22948157 
   4.780100   0.22684750 
   4.789800   0.22451544 
   4.799600   0.22242755 
   4.809400   0.22058411 
   4.819200   0.21894988 
   4.828900   0.21749978 
   4.838700   0.21616666 
   4.848500   0.21493523 
   4.858300   0.21378466 
   4.868000   0.21271686 
   4.877800   0.21171339 
   4.887600   0.21080042 
   4.897400   0.21000177 
   4.907100   0.20935328 
   4.916900   0.20887444 
   4.926700   0.20860628 
   4.936500   0.20858034 
   4.946200   0.20882034 
   4.956000   0.20935329 
   4.965800   0.21019381 
   4.975600   0.21134988 
   4.985300   0.21280417 
   4.995100   0.21457648 
   5.004900   0.21663302 
   5.014700   0.21894301 
   5.024400   0.22143936 
   5.034200   0.22412532 
   5.044000   0.22692177 
   5.053800   0.22977165 
   5.063500   0.23258984 
   5.073300   0.23538263 
   5.083100   0.23807510 
   5.092900   0.24062907 
   5.102600   0.24299010 
   5.112400   0.24518104 
   5.122200   0.24715222 
   5.132000   0.24887700 
   5.141700   0.25030976 
   5.151500   0.25143990 
   5.161300   0.25220244 
   5.171100   0.25254250 
   5.180800   0.25240779 
   5.190600   0.25174473 
   5.200400   0.25051364 
   5.210200   0.24869615 
   5.219900   0.24632748 
   5.229700   0.24339613 
   5.239500   0.23999148 
   5.249300   0.23620870 
   5.259000   0.23220622 
   5.268800   0.22802905 
   5.278600   0.22384813 
   5.288400   0.21978613 
   5.298100   0.21598585 
   5.307900   0.21244846 
   5.317700   0.20926527 
   5.327500   0.20645629 
   5.337200   0.20403588 
   5.347000   0.20192193 
   5.356800   0.20009253 
   5.366600   0.19849176 
   5.376300   0.19708021 
   5.386100   0.19578808 
   5.395900   0.19461025 
   5.405700   0.19355332 
   5.415400   0.19266283 
   5.425200   0.19198847 
   5.435000   0.19163745 
   5.444800   0.19172954 
   5.454500   0.19238787 
   5.464300   0.19376039 
   5.474100   0.19596821 
   5.483900   0.19911172 
   5.493600   0.20320661 
   5.503400   0.20835208 
   5.513200   0.21446976 
   5.523000   0.22145771 
   5.532700   0.22907258 
   5.542500   0.23725725 
   5.552300   0.24567700 
   5.562100   0.25404314 
   5.571800   0.26197659 
   5.581600   0.26935073 
   5.591400   0.27581474 
   5.601200   0.28114426 
   5.610900   0.28513587 
   5.620700   0.28776590 
   5.630500   0.28894441 
   5.640300   0.28869208 
   5.650000   0.28710807 
   5.659800   0.28428029 
   5.669600   0.28037350 
   5.679400   0.27556472 
   5.689100   0.27010122 
   5.698900   0.26405866 
   5.708700   0.25767523 
   5.718500   0.25112689 
   5.728300   0.24457753 
   5.738000   0.23824126 
   5.747800   0.23212112 
   5.757600   0.22640131 
   5.767400   0.22118041 
   5.777100   0.21657903 
   5.786900   0.21255270 
   5.796700   0.20917418 
   5.806500   0.20643468 
   5.816200   0.20431251 
   5.826000   0.20269305 
   5.835800   0.20150238 
   5.845600   0.20062000 
   5.855300   0.19991840 
   5.865100   0.19924560 
   5.874900   0.19847663 
   5.884700   0.19749488 
   5.894400   0.19622424 
   5.904200   0.19458122 
   5.914000   0.19255797 
   5.923800   0.19017629 
   5.933500   0.18752685 
   5.943300   0.18465248 
   5.953100   0.18170668 
   5.962900   0.17883693 
   5.972600   0.17622444 
   5.982400   0.17396609 
   5.992200   0.17222575 
   6.002000   0.17111039 
   6.011700   0.17068895 
   6.021500   0.17097482 
   6.031300   0.17194802 
   6.041100   0.17352987 
   6.050800   0.17557161 
   6.060600   0.17795170 
   6.070400   0.18045792 
   6.080200   0.18288189 
   6.089900   0.18499552 
   6.099700   0.18665043 
   6.109500   0.18765779 
   6.119300   0.18789212 
   6.129000   0.18728606 
   6.138800   0.18579996 
   6.148600   0.18345828 
   6.158400   0.18032933 
   6.168100   0.17656112 
   6.177900   0.17220856 
   6.187700   0.16745752 
   6.197500   0.16246394 
   6.207200   0.15743136 
   6.217000   0.15239429 
   6.226800   0.14752595 
   6.236600   0.14292656 
   6.246300   0.13871527 
   6.256100   0.13486063 
   6.265900   0.13144366 
   6.275700   0.12848215 
   6.285400   0.12600166 
   6.295200   0.12394010 
   6.305000   0.12230282 
   6.314800   0.12105690 
   6.324500   0.12016775 
   6.334300   0.11956712 
   6.344100   0.11920858 
   6.353900   0.11902958 
   6.363600   0.11896497 
   6.373400   0.11894854 
   6.383200   0.11891943 
   6.393000   0.11882285 
   6.402700   0.11861768 
   6.412500   0.11827013 
   6.422300   0.11776848 
   6.432100   0.11711765 
   6.441800   0.11634938 
   6.451600   0.11548773 
   6.461400   0.11459465 
   6.471200   0.11373520 
   6.480900   0.11298678 
   6.490700   0.11240340 
   6.500500   0.11205694 
   6.510300   0.11199829 
   6.520000   0.11225592 
   6.529800   0.11284556 
   6.539600   0.11375153 
   6.549400   0.11493286 
   6.559100   0.11630841 
   6.568900   0.11781926 
   6.578700   0.11934754 
   6.588500   0.12077886 
   6.598200   0.12198622 
   6.608000   0.12288635 
   6.617800   0.12337169 
   6.627600   0.12337101 
   6.637300   0.12284946 
   6.647100   0.12178479 
   6.656900   0.12020021 
   6.666700   0.11814678 
   6.676400   0.11572840 
   6.686200   0.11299170 
   6.696000   0.11006973 
   6.705800   0.10707726 
   6.715500   0.10415576 
   6.725300   0.10134648 
   6.735100   0.09876737 
   6.744900   0.09648728 
   6.754600   0.09457237 
   6.764400   0.09301046 
   6.774200   0.09183098 
   6.784000   0.09102391 
   6.793700   0.09056692 
   6.803500   0.09041291 
   6.813300   0.09052034 
   6.823100   0.09083361 
   6.832800   0.09128661 
   6.842600   0.09182508 
   6.852400   0.09237970 
   6.862200   0.09288626 
   6.871900   0.09328059 
   6.881700   0.09351627 
   6.891500   0.09354183 
   6.901300   0.09332114 
   6.911000   0.09283695 
   6.920800   0.09206926 
   6.930600   0.09102547 
   6.940400   0.08972260 
   6.950100   0.08820596 
   6.959900   0.08648153 
   6.969700   0.08460719 
   6.979500   0.08262872 
   6.989200   0.08061194 
   6.999000   0.07855600 
   7.008800   0.07651672 
   7.018600   0.07452247 
   7.028300   0.07261393 
   7.038100   0.07076709 
   7.047900   0.06901328 
   7.057700   0.06736185 
   7.067400   0.06583772 
   7.077200   0.06442178 
   7.087000   0.06314700 
   7.096800   0.06203507 
   7.106500   0.06112083 
   7.116300   0.06041528 
   7.126100   0.05996043 
   7.135900   0.05978646 
   7.145700   0.05991893 
   7.155400   0.06036900 
   7.165200   0.06115241 
   7.175000   0.06225923 
   7.184800   0.06366756 
   7.194500   0.06532188 
   7.204300   0.06720510 
   7.214100   0.06923744 
   7.223900   0.07134569 
   7.233600   0.07343008 
   7.243400   0.07545479 
   7.253200   0.07732223 
   7.263000   0.07896412 
   7.272700   0.08031109 
   7.282500   0.08134783 
   7.292300   0.08203047 
   7.302100   0.08234587 
   7.311800   0.08229753 
   7.321600   0.08189794 
   7.331400   0.08116917 
   7.341200   0.08014167 
   7.350900   0.07886434 
   7.360700   0.07734647 
   7.370500   0.07563515 
   7.380300   0.07376345 
   7.390000   0.07178245 
   7.399800   0.06967811 
   7.409600   0.06749451 
   7.419400   0.06525380 
   7.429100   0.06300006 
   7.438900   0.06070657 
   7.448700   0.05841585 
   7.458500   0.05614687 
   7.468200   0.05394024 
   7.478000   0.05176706 
   7.487800   0.04966488 
   7.497600   0.04764533 
   7.507300   0.04573578 
   7.517100   0.04390117 
   7.526900   0.04216237 
   7.536700   0.04051690 
   7.546400   0.03897546 
   7.556200   0.03750047 
   7.566000   0.03610267 
   7.575800   0.03477805 
   7.585500   0.03353780 
   7.595300   0.03235863 
   7.605100   0.03126002 
   7.614900   0.03025219 
   7.624600   0.02935727 
   7.634400   0.02857237 
   7.644200   0.02792367 
   7.654000   0.02742663 
   7.663700   0.02709644 
   7.673500   0.02693442 
   7.683300   0.02694713 
   7.693100   0.02712983 
   7.702800   0.02746596 
   7.712600   0.02794266 
   7.722400   0.02853027 
   7.732200   0.02919584 
   7.741900   0.02989476 
   7.751700   0.03060206 
   7.761500   0.03127069 
   7.771300   0.03186266 
   7.781000   0.03233984 
   7.790800   0.03268442 
   7.800600   0.03287041 
   7.810400   0.03288593 
   7.820100   0.03273059 
   7.829900   0.03240725 
   7.839700   0.03193118 
   7.849500   0.03132441 
   7.859200   0.03062272 
   7.869000   0.02984403 
   7.878800   0.02903045 
   7.888600   0.02821828 
   7.898300   0.02745049 
   7.908100   0.02674378 
   7.917900   0.02613503 
   7.927700   0.02564751 
   7.937400   0.02530082 
   7.947200   0.02509726 
   7.957000   0.02504295 
   7.966800   0.02513182 
   7.976500   0.02534733 
   7.986300   0.02567338 
   7.996100   0.02608158 
   8.005900   0.02654041 
   8.015600   0.02701040 
   8.025400   0.02746565 
   8.035200   0.02786615 
   8.045000   0.02817948 
   8.054700   0.02837646 
   8.064500   0.02843974 
   8.074300   0.02835253 
   8.084100   0.02810894 
   8.093800   0.02771628 
   8.103600   0.02717692 
   8.113400   0.02651177 
   8.123200   0.02574415 
   8.132900   0.02491025 
   8.142700   0.02402186 
   8.152500   0.02311636 
   8.162300   0.02222086 
   8.172000   0.02136733 
   8.181800   0.02055641 
   8.191600   0.01980965 
   8.201400   0.01913347 
   8.211100   0.01853405 
   8.220900   0.01799414 
   8.230700   0.01751097 
   8.240500   0.01707219 
   8.250200   0.01666786 
   8.260000   0.01627556 
   8.269800   0.01588651 
   8.279600   0.01548984 
   8.289300   0.01508206 
   8.299100   0.01465054 
   8.308900   0.01419883 
   8.318700   0.01372990 
   8.328400   0.01325472 
   8.338200   0.01277190 
   8.348000   0.01229639 
   8.357800   0.01183910 
   8.367500   0.01141512 
   8.377300   0.01102582 
   8.387100   0.01068465 
   8.396900   0.01039880 
   8.406600   0.01017554 
   8.416400   0.01001347 
   8.426200   0.00991652 
   8.436000   0.00988416 
   8.445700   0.00991365 
   8.455500   0.01000214 
   8.465300   0.01014502 
   8.475100   0.01033673 
   8.484800   0.01056833 
   8.494600   0.01083765 
   8.504400   0.01113497 
   8.514200   0.01145222 
   8.523900   0.01177756 
   8.533700   0.01210902 
   8.543500   0.01243435 
   8.553300   0.01274458 
   8.563000   0.01302817 
   8.572800   0.01328271 
   8.582600   0.01349747 
   8.592400   0.01366572 
   8.602200   0.01378193 
   8.611900   0.01384166 
   8.621700   0.01384359 
   8.631500   0.01378592 
   8.641300   0.01366946 
   8.651000   0.01349874 
   8.660800   0.01327428 
   8.670600   0.01300302 
   8.680400   0.01269158 
   8.690100   0.01235115 
   8.699900   0.01198277 
   8.709700   0.01159818 
   8.719500   0.01120572 
   8.729200   0.01081735 
   8.739000   0.01043235 
   8.748800   0.01006119 
   8.758600   0.00970928 
   8.768300   0.00938404 
   8.778100   0.00908168 
   8.787900   0.00880737 
   8.797700   0.00856154 
   8.807400   0.00834560 
   8.817200   0.00815346 
   8.827000   0.00798502 
   8.836800   0.00783720 
   8.846500   0.00770776 
   8.856300   0.00759037 
   8.866100   0.00748274 
   8.875900   0.00738134 
   8.885600   0.00728395 
   8.895400   0.00718582 
   8.905200   0.00708574 
   8.915000   0.00698211 
   8.924700   0.00687509 
   8.934500   0.00676215 
   8.944300   0.00664464 
   8.954100   0.00652340 
   8.963800   0.00640099 
   8.973600   0.00627652 
   8.983400   0.00615314 
   8.993200   0.00603289 
   9.002900   0.00591894 
   9.012700   0.00581083 
   9.022500   0.00571150 
   9.032300   0.00562237 
   9.042000   0.00554526 
   9.051800   0.00547929 
   9.061600   0.00542565 
   9.071400   0.00538428 
   9.081100   0.00535507 
   9.090900   0.00533675 
   9.100700   0.00532879 
   9.110500   0.00533016 
   9.120200   0.00533954 
   9.130000   0.00535596 
   9.139800   0.00537815 
   9.149600   0.00540497 
   9.159300   0.00543501 
   9.169100   0.00546790 
   9.178900   0.00550248 
   9.188700   0.00553797 
   9.198400   0.00557339 
   9.208200   0.00560896 
   9.218000   0.00564398 
   9.227800   0.00567829 
   9.237500   0.00571158 
   9.247300   0.00574478 
   9.257100   0.00577802 
   9.266900   0.00581200 
   9.276600   0.00584728 
   9.286400   0.00588570 
   9.296200   0.00592815 
   9.306000   0.00597593 
   9.315700   0.00602969 
   9.325500   0.00609161 
   9.335300   0.00616196 
   9.345100   0.00624111 
   9.354800   0.00632794 
   9.364600   0.00642351 
   9.374400   0.00652557 
   9.384200   0.00663209 
   9.393900   0.00673936 
   9.403700   0.00684654 
   9.413500   0.00694914 
   9.423300   0.00704364 
   9.433000   0.00712580 
   9.442800   0.00719417 
   9.452600   0.00724514 
   9.462400   0.00727665 
   9.472100   0.00728737 
   9.481900   0.00727703 
   9.491700   0.00724573 
   9.501500   0.00719453 
   9.511200   0.00712593 
   9.521000   0.00704068 
   9.530800   0.00694184 
   9.540600   0.00683196 
   9.550300   0.00671468 
   9.560100   0.00658969 
   9.569900   0.00645979 
   9.579700   0.00632609 
   9.589400   0.00619054 
   9.599200   0.00605029 
   9.609000   0.00590618 
   9.618800   0.00575730 
   9.628500   0.00560413 
   9.638300   0.00544234 
   9.648100   0.00527245 
   9.657900   0.00509373 
   9.667600   0.00490790 
   9.677400   0.00471142 
   9.687200   0.00450712 
   9.697000   0.00429657 
   9.706700   0.00408416 
   9.716500   0.00386819 
   9.726300   0.00365389 
   9.736100   0.00344451 
   9.745800   0.00324531 
   9.755600   0.00305525 
   9.765400   0.00287915 
   9.775200   0.00271919 
   9.784900   0.00257824 
   9.794700   0.00245417 
   9.804500   0.00234850 
   9.814300   0.00226044 
   9.824000   0.00218911 
   9.833800   0.00213091 
   9.843600   0.00208400 
   9.853400   0.00204538 
   9.863100   0.00201222 
   9.872900   0.00198070 
   9.882700   0.00194819 
   9.892500   0.00191203 
   9.902200   0.00187045 
   9.912000   0.00182091 
   9.921800   0.00176269 
   9.931600   0.00169527 
   9.941300   0.00161953 
   9.951100   0.00153450 
   9.960900   0.00144198 
   9.970700   0.00134337 
   9.980400   0.00124143 
   9.990200   0.00113586 
  10.000000   0.00102957 
 