  0.000000   0.00000000 
   0.004885 12404.55447344 
   0.009770 1244.43598361 
   0.014656 305.87001913 
   0.019541 307.67924606 
   0.024426 311.68610576 
   0.029311 316.26639059 
   0.034196 321.29967981 
   0.039082 342.53078981 
   0.043967 421.61027115 
   0.048852 609.96149954 
   0.053737 866.98121127 
   0.058622 1004.95480632 
   0.063508 898.18116486 
   0.068393 669.93741460 
   0.073278 507.31150326 
   0.078163 451.47657927 
   0.083048 451.02518843 
   0.087934 465.49890576 
   0.092819 481.32427681 
   0.097704 495.98553317 
   0.102590 509.61492208 
   0.107470 522.17010763 
   0.112360 532.41984440 
   0.117240 538.37980833 
   0.122130 538.94006796 
   0.127020 534.32774936 
   0.131900 525.16184267 
   0.136790 511.12274379 
   0.141670 491.34379390 
   0.146560 465.75386210 
   0.151440 436.66454412 
   0.156330 407.95990274 
   0.161210 383.69990095 
   0.166100 365.93966764 
   0.170980 354.75842149 
   0.175870 348.98322941 
   0.180750 347.59954622 
   0.185640 349.95640993 
   0.190520 355.06640562 
   0.195410 360.74135601 
   0.200290 363.56090431 
   0.205180 360.20904373 
   0.210060 349.17246049 
   0.214950 331.54453724 
   0.219830 310.56598939 
   0.224720 289.73413251 
   0.229600 271.62799538 
   0.234490 257.04627773 
   0.239370 245.66379644 
   0.244260 236.50978598 
   0.249150 228.70461179 
   0.254030 221.60680133 
   0.258920 214.78661832 
   0.263800 208.06077612 
   0.268690 201.32776903 
   0.273570 194.64688554 
   0.278460 188.09310889 
   0.283340 181.81824745 
   0.288230 175.89707669 
   0.293110 170.40010787 
   0.298000 165.29555538 
   0.302880 160.55912227 
   0.307770 156.11569710 
   0.312650 151.93573343 
   0.317540 147.96817161 
   0.322420 144.20654717 
   0.327310 140.61882505 
   0.332190 137.20651990 
   0.337080 133.94614506 
   0.341960 130.84635676 
   0.346850 127.89426630 
   0.351730 125.10424582 
   0.356620 122.46800454 
   0.361500 120.00210418 
   0.366390 117.71192144 
   0.371280 115.63854983 
   0.376160 113.85037018 
   0.381050 112.43366224 
   0.385930 111.50080029 
   0.390820 111.13772185 
   0.395700 111.38058548 
   0.400590 112.17797001 
   0.405470 113.37475348 
   0.410360 114.73845091 
   0.415240 115.98153130 
   0.420130 116.83365184 
   0.425010 117.07258375 
   0.429900 116.56770724 
   0.434780 115.28707392 
   0.439670 113.28093164 
   0.444550 110.68543155 
   0.449440 107.67269499 
   0.454320 104.47451759 
   0.459210 101.31777922 
   0.464090  98.45436419 
   0.468980  96.08741540 
   0.473860  94.38883130 
   0.478750  93.43432474 
   0.483630  93.20672774 
   0.488520  93.56611414 
   0.493400  94.25763535 
   0.498290  94.94083988 
   0.503180  95.23191155 
   0.508060  94.78009375 
   0.512950  93.33297708 
   0.517830  90.80248260 
   0.522720  87.26141039 
   0.527600  82.96445407 
   0.532490  78.23789043 
   0.537370  73.47410631 
   0.542260  68.98776755 
   0.547140  65.04105123 
   0.552030  61.75155377 
   0.556910  59.16199622 
   0.561800  57.21157367 
   0.566680  55.81090687 
   0.571570  54.83885802 
   0.576450  54.18801841 
   0.581340  53.75957861 
   0.586220  53.47857633 
   0.591110  53.28447169 
   0.595990  53.13211909 
   0.600880  52.98356024 
   0.605760  52.80726490 
   0.610650  52.57339374 
   0.615530  52.25672294 
   0.620420  51.83379121 
   0.625310  51.28912540 
   0.630190  50.61650554 
   0.635080  49.81507948 
   0.639960  48.89964489 
   0.644850  47.88620594 
   0.649730  46.80419253 
   0.654620  45.67696959 
   0.659500  44.53633078 
   0.664390  43.40206151 
   0.669270  42.29916287 
   0.674160  41.23921657 
   0.679040  40.23873692 
   0.683930  39.30269896 
   0.688810  38.44157839 
   0.693700  37.65656278 
   0.698580  36.95371837 
   0.703470  36.33094268 
   0.708350  35.78906752 
   0.713240  35.32127261 
   0.718120  34.92188913 
   0.723010  34.57899270 
   0.727890  34.28190141 
   0.732780  34.01681540 
   0.737660  33.77353050 
   0.742550  33.54285848 
   0.747440  33.32200448 
   0.752320  33.11442295 
   0.757210  32.92971123 
   0.762090  32.78709765 
   0.766980  32.71291902 
   0.771860  32.74267311 
   0.776750  32.91961530 
   0.781630  33.29249935 
   0.786520  33.91624505 
   0.791400  34.84077588 
   0.796290  36.11500570 
   0.801170  37.76254778 
   0.806060  39.79291456 
   0.810940  42.16494339 
   0.815830  44.81258605 
   0.820710  47.60436117 
   0.825600  50.38970185 
   0.830480  52.96631104 
   0.835370  55.14232380 
   0.840250  56.71893108 
   0.845140  57.54820109 
   0.850020  57.52952073 
   0.854910  56.63604244 
   0.859790  54.91927739 
   0.864680  52.48839930 
   0.869570  49.51498198 
   0.874450  46.20523197 
   0.879340  42.75039687 
   0.884220  39.35245686 
   0.889110  36.15226174 
   0.893990  33.27380062 
   0.898880  30.77037155 
   0.903760  28.67496922 
   0.908650  26.96776994 
   0.913530  25.62088679 
   0.918420  24.58047559 
   0.923300  23.79815155 
   0.928190  23.22008445 
   0.933070  22.80444195 
   0.937960  22.51345381 
   0.942840  22.32082028 
   0.947730  22.20581662 
   0.952610  22.15515310 
   0.957500  22.15922540 
   0.962380  22.21130893 
   0.967270  22.30598434 
   0.972150  22.43700792 
   0.977040  22.59777562 
   0.981920  22.77857269 
   0.986810  22.96884448 
   0.991700  23.15485793 
   0.996580  23.32142436 
   1.001500  23.45448365 
   1.006400  23.53726085 
   1.011200  23.55769120 
   1.016100  23.50694936 
   1.021000  23.37819652 
   1.025900  23.17045149 
   1.030800  22.88762719 
   1.035700  22.53817948 
   1.040500  22.14300922 
   1.045400  21.70022976 
   1.050300  21.23374142 
   1.055200  20.75977974 
   1.060100  20.29344781 
   1.065000  19.84776318 
   1.069900  19.43301070 
   1.074700  19.06369468 
   1.079600  18.72855525 
   1.084500  18.43709976 
   1.089400  18.18833559 
   1.094300  17.97940878 
   1.099200  17.80617585 
   1.104100  17.66374984 
   1.108900  17.54913794 
   1.113800  17.45261239 
   1.118700  17.37216903 
   1.123600  17.30377918 
   1.128500  17.24416205 
   1.133400  17.19088264 
   1.138300  17.14242803 
   1.143100  17.09912978 
   1.148000  17.05968198 
   1.152900  17.02659783 
   1.157800  17.00249528 
   1.162700  16.99093961 
   1.167600  16.99622668 
   1.172400  17.02223817 
   1.177300  17.07454847 
   1.182200  17.15671401 
   1.187100  17.27121383 
   1.192000  17.41847059 
   1.196900  17.59627744 
   1.201800  17.79942464 
   1.206600  18.01502155 
   1.211500  18.24115208 
   1.216400  18.46021472 
   1.221300  18.65773434 
   1.226200  18.81922811 
   1.231100  18.93153038 
   1.236000  18.98406252 
   1.240800  18.97086145 
   1.245700  18.88874843 
   1.250600  18.73912374 
   1.255500  18.52809964 
   1.260400  18.26538202 
   1.265300  17.96323211 
   1.270200  17.63523357 
   1.275000  17.30200910 
   1.279900  16.96204630 
   1.284800  16.63285812 
   1.289700  16.32258071 
   1.294600  16.03661180 
   1.299500  15.77770516 
   1.304300  15.55076927 
   1.309200  15.34504874 
   1.314100  15.16301891 
   1.319000  15.00148690 
   1.323900  14.85708838 
   1.328800  14.72666344 
   1.333700  14.60750355 
   1.338500  14.49963951 
   1.343400  14.39705347 
   1.348300  14.30105244 
   1.353200  14.21102161 
   1.358100  14.12661534 
   1.363000  14.04760903 
   1.367900  13.97376406 
   1.372700  13.90608358 
   1.377600  13.84120283 
   1.382500  13.77980087 
   1.387400  13.72088280 
   1.392300  13.66328679 
   1.397200  13.60576609 
   1.402100  13.54709295 
   1.406900  13.48744296 
   1.411800  13.42348370 
   1.416700  13.35589033 
   1.421600  13.28450068 
   1.426500  13.20954977 
   1.431400  13.13164728 
   1.436200  13.05336185 
   1.441100  12.97256016 
   1.446000  12.89212072 
   1.450900  12.81331226 
   1.455800  12.73729823 
   1.460700  12.66504399 
   1.465600  12.59724812 
   1.470400  12.53553742 
   1.475300  12.47741670 
   1.480200  12.42400162 
   1.485100  12.37481150 
   1.490000  12.32916384 
   1.494900  12.28624506 
   1.499800  12.24518672 
   1.504600  12.20595361 
   1.509500  12.16616509 
   1.514400  12.12603345 
   1.519300  12.08513595 
   1.524200  12.04326450 
   1.529100  12.00043061 
   1.534000  11.95685070 
   1.538800  11.91381078 
   1.543700  11.87002315 
   1.548600  11.82696748 
   1.553500  11.78524225 
   1.558400  11.74540329 
   1.563300  11.70791625 
   1.568100  11.67380341 
   1.573000  11.64183797 
   1.577900  11.61281101 
   1.582800  11.58663899 
   1.587700  11.56312670 
   1.592600  11.54199931 
   1.597500  11.52293769 
   1.602300  11.50595090 
   1.607200  11.49002574 
   1.612100  11.47526166 
   1.617000  11.46143969 
   1.621900  11.44839635 
   1.626800  11.43601911 
   1.631700  11.42423626 
   1.636500  11.41322750 
   1.641400  11.40250379 
   1.646300  11.39227012 
   1.651200  11.38248799 
   1.656100  11.37310432 
   1.661000  11.36404939 
   1.665900  11.35523845 
   1.670700  11.34675223 
   1.675600  11.33814002 
   1.680500  11.32948587 
   1.685400  11.32071030 
   1.690300  11.31175854 
   1.695200  11.30261100 
   1.700000  11.29348463 
   1.704900  11.28407639 
   1.709800  11.27471240 
   1.714700  11.26559169 
   1.719600  11.25697112 
   1.724500  11.24915452 
   1.729400  11.24247375 
   1.734200  11.23735095 
   1.739100  11.23386643 
   1.744000  11.23236821 
   1.748900  11.23296449 
   1.753800  11.23560503 
   1.758700  11.24004595 
   1.763600  11.24582568 
   1.768400  11.25212402 
   1.773300  11.25831564 
   1.778200  11.26318401 
   1.783100  11.26549931 
   1.788000  11.26395593 
   1.792900  11.25724884 
   1.797800  11.24415579 
   1.802600  11.22411734 
   1.807500  11.19548626 
   1.812400  11.15806312 
   1.817300  11.11163806 
   1.822200  11.05634259 
   1.827100  10.99263882 
   1.831900  10.92281267 
   1.836800  10.84494078 
   1.841700  10.76158529 
   1.846600  10.67403860 
   1.851500  10.58363042 
   1.856400  10.49166058 
   1.861300  10.39934189 
   1.866100  10.30961172 
   1.871000  10.21963943 
   1.875900  10.13205616 
   1.880800  10.04743644 
   1.885700   9.96618681 
   1.890600   9.88856172 
   1.895500   9.81468382 
   1.900300   9.74595965 
   1.905200   9.67945221 
   1.910100   9.61648850 
   1.915000   9.55687355 
   1.919900   9.50037478 
   1.924800   9.44673394 
   1.929700   9.39567707 
   1.934500   9.34789696 
   1.939400   9.30112726 
   1.944300   9.25611371 
   1.949200   9.21259928 
   1.954100   9.17034914 
   1.959000   9.12915741 
   1.963800   9.08966800 
   1.968700   9.05010756 
   1.973600   9.01122272 
   1.978500   8.97297906 
   1.983400   8.93539574 
   1.988300   8.89854778 
   1.993200   8.86256704 
   1.998000   8.82834226 
   2.002900   8.79468433 
   2.007800   8.76260648 
   2.012700   8.73243747 
   2.017600   8.70453419 
   2.022500   8.67926607 
   2.027400   8.65699584 
   2.032200   8.63840834 
   2.037100   8.62300488 
   2.042000   8.61141036 
   2.046900   8.60372465 
   2.051800   8.59992407 
   2.056700   8.59984616 
   2.061600   8.60318228 
   2.066400   8.60932528 
   2.071300   8.61795822 
   2.076200   8.62829202 
   2.081100   8.63956257 
   2.086000   8.65097331 
   2.090900   8.66174299 
   2.095700   8.67098128 
   2.100600   8.67847917 
   2.105500   8.68357740 
   2.110400   8.68601240 
   2.115300   8.68572732 
   2.120200   8.68287630 
   2.125100   8.67781243 
   2.129900   8.67121044 
   2.134800   8.66343656 
   2.139700   8.65534167 
   2.144600   8.64767206 
   2.149500   8.64112974 
   2.154400   8.63631323 
   2.159300   8.63366578 
   2.164100   8.63341523 
   2.169000   8.63558006 
   2.173900   8.63999272 
   2.178800   8.64623349 
   2.183700   8.65368473 
   2.188600   8.66156845 
   2.193500   8.66899434 
   2.198300   8.67491165 
   2.203200   8.67863261 
   2.208100   8.67911689 
   2.213000   8.67556349 
   2.217900   8.66730808 
   2.222800   8.65384965 
   2.227700   8.63486457 
   2.232500   8.61076827 
   2.237400   8.58057991 
   2.242300   8.54491700 
   2.247200   8.50408011 
   2.252100   8.45846849 
   2.257000   8.40855107 
   2.261800   8.35596986 
   2.266700   8.29905546 
   2.271600   8.23939780 
   2.276500   8.17751684 
   2.281400   8.11391385 
   2.286300   8.04906925 
   2.291200   7.98344409 
   2.296000   7.91883056 
   2.300900   7.85296419 
   2.305800   7.78761815 
   2.310700   7.72321845 
   2.315600   7.66018891 
   2.320500   7.59894947 
   2.325400   7.53991193 
   2.330200   7.48459658 
   2.335100   7.43106635 
   2.340000   7.38084333 
   2.344900   7.33422724 
   2.349800   7.29146648 
   2.354700   7.25275021 
   2.359600   7.21820234 
   2.364400   7.18845444 
   2.369300   7.16225289 
   2.374200   7.14017837 
   2.379100   7.12208428 
   2.384000   7.10776594 
   2.388900   7.09696894 
   2.393700   7.08952309 
   2.398600   7.08479965 
   2.403500   7.08264254 
   2.408400   7.08269938 
   2.413300   7.08461757 
   2.418200   7.08805182 
   2.423100   7.09266993 
   2.427900   7.09803782 
   2.432800   7.10408704 
   2.437700   7.11043456 
   2.442600   7.11681785 
   2.447500   7.12298801 
   2.452400   7.12870627 
   2.457300   7.13374051 
   2.462100   7.13778877 
   2.467000   7.14079690 
   2.471900   7.14244531 
   2.476800   7.14251159 
   2.481700   7.14077928 
   2.486600   7.13704274 
   2.491500   7.13111332 
   2.496300   7.12301999 
   2.501200   7.11229403 
   2.506100   7.09898324 
   2.511000   7.08303487 
   2.515900   7.06444346 
   2.520800   7.04325246 
   2.525600   7.02006128 
   2.530500   6.99403701 
   2.535400   6.96581185 
   2.540300   6.93559157 
   2.545200   6.90360463 
   2.550100   6.87009305 
   2.555000   6.83530347 
   2.559800   6.80021933 
   2.564700   6.76360946 
   2.569600   6.72641700 
   2.574500   6.68884985 
   2.579400   6.65110272 
   2.584300   6.61336016 
   2.589200   6.57580096 
   2.594000   6.53935772 
   2.598900   6.50269164 
   2.603800   6.46675771 
   2.608700   6.43175897 
   2.613600   6.39791065 
   2.618500   6.36543843 
   2.623400   6.33457415 
   2.628200   6.30612174 
   2.633100   6.27911469 
   2.638000   6.25436977 
   2.642900   6.23206275 
   2.647800   6.21233051 
   2.652700   6.19526183 
   2.657500   6.18115616 
   2.662400   6.16939865 
   2.667300   6.16021954 
   2.672200   6.15346300 
   2.677100   6.14891087 
   2.682000   6.14628739 
   2.686900   6.14526624 
   2.691700   6.14546530 
   2.696600   6.14650042 
   2.701500   6.14795943 
   2.706400   6.14941425 
   2.711300   6.15043991 
   2.716200   6.15062606 
   2.721100   6.14958783 
   2.725900   6.14704693 
   2.730800   6.14259690 
   2.735700   6.13601872 
   2.740600   6.12711469 
   2.745500   6.11574826 
   2.750400   6.10184618 
   2.755300   6.08539863 
   2.760100   6.06686836 
   2.765000   6.04559078 
   2.769900   6.02208823 
   2.774800   5.99656792 
   2.779700   5.96927450 
   2.784600   5.94048093 
   2.789400   5.91110114 
   2.794300   5.88020621 
   2.799200   5.84869675 
   2.804100   5.81686372 
   2.809000   5.78498176 
   2.813900   5.75330339 
   2.818800   5.72205489 
   2.823600   5.69205157 
   2.828500   5.66220980 
   2.833400   5.63330396 
   2.838300   5.60545194 
   2.843200   5.57875147 
   2.848100   5.55328518 
   2.853000   5.52912615 
   2.857800   5.50679422 
   2.862700   5.48542780 
   2.867600   5.46558174 
   2.872500   5.44733958 
   2.877400   5.43079466 
   2.882300   5.41604984 
   2.887200   5.40321555 
   2.892000   5.39260557 
   2.896900   5.38388846 
   2.901800   5.37741044 
   2.906700   5.37325927 
   2.911600   5.37149778 
   2.916500   5.37215498 
   2.921300   5.37513153 
   2.926200   5.38049019 
   2.931100   5.38807593 
   2.936000   5.39771141 
   2.940900   5.40915745 
   2.945800   5.42211376 
   2.950700   5.43622236 
   2.955500   5.45076625 
   2.960400   5.46590742 
   2.965300   5.48086620 
   2.970200   5.49514125 
   2.975100   5.50822728 
   2.980000   5.51963025 
   2.984900   5.52888283 
   2.989700   5.53545110 
   2.994600   5.53924330 
   2.999500   5.53978885 
   3.004400   5.53685703 
   3.009300   5.53029907 
   3.014200   5.52005155 
   3.019100   5.50613685 
   3.023900   5.48905173 
   3.028800   5.46826385 
   3.033700   5.44434533 
   3.038600   5.41760852 
   3.043500   5.38841478 
   3.048400   5.35716212 
   3.053200   5.32495711 
   3.058100   5.29088348 
   3.063000   5.25602887 
   3.067900   5.22081315 
   3.072800   5.18563403 
   3.077700   5.15085856 
   3.082600   5.11681628 
   3.087400   5.08445611 
   3.092300   5.05266690 
   3.097200   5.02232800 
   3.102100   4.99358516 
   3.107000   4.96653702 
   3.111900   4.94123721 
   3.116800   4.91769748 
   3.121600   4.89631945 
   3.126500   4.87615341 
   3.131400   4.85757322 
   3.136300   4.84046506 
   3.141200   4.82469506 
   3.146100   4.81011380 
   3.151000   4.79656066 
   3.155800   4.78411945 
   3.160700   4.77210351 
   3.165600   4.76060900 
   3.170500   4.74946767 
   3.175400   4.73851698 
   3.180300   4.72760249 
   3.185100   4.71680692 
   3.190000   4.70555038 
   3.194900   4.69393730 
   3.199800   4.68186355 
   3.204700   4.66924083 
   3.209600   4.65599738 
   3.214500   4.64207857 
   3.219300   4.62775300 
   3.224200   4.61240413 
   3.229100   4.59632019 
   3.234000   4.57951524 
   3.238900   4.56201976 
   3.243800   4.54387984 
   3.248700   4.52515626 
   3.253500   4.50632043 
   3.258400   4.48667256 
   3.263300   4.46669737 
   3.268200   4.44650126 
   3.273100   4.42619804 
   3.278000   4.40590693 
   3.282900   4.38575043 
   3.287700   4.36625479 
   3.292600   4.34672790 
   3.297500   4.32769757 
   3.302400   4.30927632 
   3.307300   4.29156818 
   3.312200   4.27466640 
   3.317000   4.25896888 
   3.321900   4.24388630 
   3.326800   4.22980476 
   3.331700   4.21675672 
   3.336600   4.20475653 
   3.341500   4.19380021 
   3.346400   4.18386566 
   3.351200   4.17508656 
   3.356100   4.16704236 
   3.361000   4.15985552 
   3.365900   4.15344281 
   3.370800   4.14771033 
   3.375700   4.14255588 
   3.380600   4.13787153 
   3.385400   4.13363162 
   3.390300   4.12954981 
   3.395200   4.12560806 
   3.400100   4.12170105 
   3.405000   4.11772994 
   3.409900   4.11360428 
   3.414800   4.10924360 
   3.419600   4.10467735 
   3.424500   4.09965905 
   3.429400   4.09423582 
   3.434300   4.08837570 
   3.439200   4.08205913 
   3.444100   4.07527822 
   3.448900   4.06818801 
   3.453800   4.06050462 
   3.458700   4.05239016 
   3.463600   4.04386921 
   3.468500   4.03496974 
   3.473400   4.02572103 
   3.478300   4.01615164 
   3.483100   4.00649158 
   3.488000   3.99635978 
   3.492900   3.98597103 
   3.497800   3.97533567 
   3.502700   3.96445768 
   3.507600   3.95333491 
   3.512500   3.94195993 
   3.517300   3.93056153 
   3.522200   3.91865120 
   3.527100   3.90644953 
   3.532000   3.89394408 
   3.536900   3.88112639 
   3.541800   3.86799401 
   3.546700   3.85455235 
   3.551500   3.84109921 
   3.556400   3.82709844 
   3.561300   3.81286267 
   3.566200   3.79843756 
   3.571100   3.78387834 
   3.576000   3.76924833 
   3.580900   3.75461708 
   3.585700   3.74035395 
   3.590600   3.72593815 
   3.595500   3.71174125 
   3.600400   3.69783268 
   3.605300   3.68427540 
   3.610200   3.67112369 
   3.615000   3.65867590 
   3.619900   3.64644515 
   3.624800   3.63471560 
   3.629700   3.62349494 
   3.634600   3.61277899 
   3.639500   3.60255268 
   3.644400   3.59279157 
   3.649200   3.58364996 
   3.654100   3.57471024 
   3.659000   3.56612667 
   3.663900   3.55785774 
   3.668800   3.54986309 
   3.673700   3.54210536 
   3.678600   3.53455174 
   3.683400   3.52732408 
   3.688300   3.52010087 
   3.693200   3.51302030 
   3.698100   3.50607472 
   3.703000   3.49926224 
   3.707900   3.49258573 
   3.712800   3.48605138 
   3.717600   3.47979591 
   3.722500   3.47356648 
   3.727400   3.46750123 
   3.732300   3.46160289 
   3.737200   3.45586918 
   3.742100   3.45029150 
   3.746900   3.44496360 
   3.751800   3.43964010 
   3.756700   3.43440153 
   3.761600   3.42920820 
   3.766500   3.42401319 
   3.771400   3.41876346 
   3.776300   3.41340127 
   3.781100   3.40798098 
   3.786000   3.40221596 
   3.790900   3.39615623 
   3.795800   3.38974386 
   3.800700   3.38292586 
   3.805600   3.37565601 
   3.810500   3.36789648 
   3.815300   3.35979332 
   3.820200   3.35099147 
   3.825100   3.34164759 
   3.830000   3.33176611 
   3.834900   3.32136234 
   3.839800   3.31046183 
   3.844700   3.29909939 
   3.849500   3.28756209 
   3.854400   3.27541757 
   3.859300   3.26295605 
   3.864200   3.25023471 
   3.869100   3.23731226 
   3.874000   3.22424729 
   3.878800   3.21136574 
   3.883700   3.19818425 
   3.888600   3.18502102 
   3.893500   3.17192198 
   3.898400   3.15892798 
   3.903300   3.14607453 
   3.908200   3.13339185 
   3.913000   3.12115783 
   3.917900   3.10888297 
   3.922800   3.09684089 
   3.927700   3.08504498 
   3.932600   3.07350625 
   3.937500   3.06223412 
   3.942400   3.05123738 
   3.947200   3.04074064 
   3.952100   3.03031622 
   3.957000   3.02019710 
   3.961900   3.01039674 
   3.966800   3.00093108 
   3.971700   2.99181869 
   3.976600   2.98308080 
   3.981400   2.97490717 
   3.986300   2.96698252 
   3.991200   2.95950847 
   3.996100   2.95251289 
   4.001000   2.94602336 
   4.005900   2.94006606 
   4.010700   2.93476903 
   4.015600   2.92993085 
   4.020500   2.92568193 
   4.025400   2.92202997 
   4.030300   2.91897471 
   4.035200   2.91650684 
   4.040100   2.91460704 
   4.044900   2.91326791 
   4.049800   2.91239323 
   4.054700   2.91196404 
   4.059600   2.91191709 
   4.064500   2.91217880 
   4.069400   2.91266619 
   4.074300   2.91328830 
   4.079100   2.91393469 
   4.084000   2.91453237 
   4.088900   2.91496409 
   4.093800   2.91512605 
   4.098700   2.91491690 
   4.103600   2.91424004 
   4.108500   2.91300588 
   4.113300   2.91117901 
   4.118200   2.90861478 
   4.123100   2.90528708 
   4.128000   2.90115201 
   4.132900   2.89618000 
   4.137800   2.89035614 
   4.142600   2.88382484 
   4.147500   2.87632751 
   4.152400   2.86801864 
   4.157300   2.85893763 
   4.162200   2.84913489 
   4.167100   2.83867028 
   4.172000   2.82761138 
   4.176800   2.81627275 
   4.181700   2.80425830 
   4.186600   2.79187930 
   4.191500   2.77921662 
   4.196400   2.76635040 
   4.201300   2.75335864 
   4.206200   2.74031608 
   4.211000   2.72755830 
   4.215900   2.71461811 
   4.220800   2.70182172 
   4.225700   2.68922321 
   4.230600   2.67687064 
   4.235500   2.66480603 
   4.240400   2.65306554 
   4.245200   2.64190840 
   4.250100   2.63089477 
   4.255000   2.62028157 
   4.259900   2.61008533 
   4.264800   2.60031882 
   4.269700   2.59099156 
   4.274500   2.58228701 
   4.279400   2.57384675 
   4.284300   2.56585895 
   4.289200   2.55832410 
   4.294100   2.55124103 
   4.299000   2.54460706 
   4.303900   2.53841804 
   4.308700   2.53278128 
   4.313600   2.52745478 
   4.318500   2.52255148 
   4.323400   2.51806060 
   4.328300   2.51396936 
   4.333200   2.51026295 
   4.338100   2.50692440 
   4.342900   2.50399227 
   4.347800   2.50132354 
   4.352700   2.49895969 
   4.357600   2.49687581 
   4.362500   2.49504551 
   4.367400   2.49344125 
   4.372300   2.49203475 
   4.377100   2.49082111 
   4.382000   2.48972175 
   4.386900   2.48873564 
   4.391800   2.48783581 
   4.396700   2.48699667 
   4.401600   2.48619432 
   4.406400   2.48542289 
   4.411300   2.48463067 
   4.416200   2.48381611 
   4.421100   2.48296362 
   4.426000   2.48205960 
   4.430900   2.48109226 
   4.435800   2.48005133 
   4.440600   2.47895149 
   4.445500   2.47773872 
   4.450400   2.47642708 
   4.455300   2.47500861 
   4.460200   2.47347497 
   4.465100   2.47181714 
   4.470000   2.47002515 
   4.474800   2.46812902 
   4.479700   2.46603772 
   4.484600   2.46377591 
   4.489500   2.46132921 
   4.494400   2.45868252 
   4.499300   2.45582023 
   4.504200   2.45272670 
   4.509000   2.44945742 
   4.513900   2.44586204 
   4.518800   2.44199317 
   4.523700   2.43783976 
   4.528600   2.43339316 
   4.533500   2.42864754 
   4.538300   2.42370627 
   4.543200   2.41836416 
   4.548100   2.41272531 
   4.553000   2.40679754 
   4.557900   2.40059218 
   4.562800   2.39412378 
   4.567700   2.38740987 
   4.572500   2.38061417 
   4.577400   2.37347511 
   4.582300   2.36615537 
   4.587200   2.35867903 
   4.592100   2.35107030 
   4.597000   2.34335286 
   4.601900   2.33554931 
   4.606700   2.32784171 
   4.611600   2.31992748 
   4.616500   2.31198310 
   4.621400   2.30402247 
   4.626300   2.29605672 
   4.631200   2.28809432 
   4.636100   2.28014117 
   4.640900   2.27236281 
   4.645800   2.26443685 
   4.650700   2.25652576 
   4.655600   2.24862888 
   4.660500   2.24074510 
   4.665400   2.23287349 
   4.670200   2.22517406 
   4.675100   2.21732691 
   4.680000   2.20949509 
   4.684900   2.20168317 
   4.689800   2.19389800 
   4.694700   2.18614892 
   4.699600   2.17844786 
   4.704400   2.17096445 
   4.709300   2.16340345 
   4.714200   2.15594055 
   4.719100   2.14859671 
   4.724000   2.14139446 
   4.728900   2.13435743 
   4.733800   2.12750988 
   4.738600   2.12100931 
   4.743500   2.11460855 
   4.748400   2.10846853 
   4.753300   2.10261121 
   4.758200   2.09705684 
   4.763100   2.09182355 
   4.768000   2.08692704 
   4.772800   2.08246953 
   4.777700   2.07827523 
   4.782600   2.07444771 
   4.787500   2.07099090 
   4.792400   2.06790556 
   4.797300   2.06518931 
   4.802100   2.06288107 
   4.807000   2.06087635 
   4.811900   2.05921566 
   4.816800   2.05788501 
   4.821700   2.05686791 
   4.826600   2.05614552 
   4.831500   2.05569691 
   4.836300   2.05550089 
   4.841200   2.05552514 
   4.846100   2.05575017 
   4.851000   2.05614861 
   4.855900   2.05669201 
   4.860800   2.05735098 
   4.865700   2.05809549 
   4.870500   2.05887830 
   4.875400   2.05970175 
   4.880300   2.06051909 
   4.885200   2.06129956 
   4.890100   2.06201280 
   4.895000   2.06262903 
   4.899900   2.06311931 
   4.904700   2.06345063 
   4.909600   2.06361067 
   4.914500   2.06356584 
   4.919400   2.06329287 
   4.924300   2.06277050 
   4.929200   2.06197968 
   4.934000   2.06092867 
   4.938900   2.05955981 
   4.943800   2.05788062 
   4.948700   2.05588254 
   4.953600   2.05355992 
   4.958500   2.05091011 
   4.963400   2.04793345 
   4.968200   2.04470382 
   4.973100   2.04109278 
   4.978000   2.03717336 
   4.982900   2.03295732 
   4.987800   2.02845894 
   4.992700   2.02369486 
   4.997600   2.01868382 
   5.002400   2.01355541 
   5.007300   2.00811768 
   5.012200   2.00249860 
   5.017100   1.99672242 
   5.022000   1.99081397 
   5.026900   1.98479829 
   5.031800   1.97870029 
   5.036600   1.97267042 
   5.041500   1.96648062 
   5.046400   1.96027843 
   5.051300   1.95408486 
   5.056200   1.94791920 
   5.061100   1.94179880 
   5.066000   1.93573896 
   5.070800   1.92987409 
   5.075700   1.92397045 
   5.080600   1.91815959 
   5.085500   1.91244790 
   5.090400   1.90683967 
   5.095300   1.90133733 
   5.100100   1.89605074 
   5.105000   1.89075908 
   5.109900   1.88557206 
   5.114800   1.88048748 
   5.119700   1.87550288 
   5.124600   1.87061590 
   5.129500   1.86582465 
   5.134300   1.86122294 
   5.139200   1.85661898 
   5.144100   1.85211089 
   5.149000   1.84770142 
   5.153900   1.84339488 
   5.158800   1.83919712 
   5.163700   1.83511549 
   5.168500   1.83123804 
   5.173400   1.82741269 
   5.178300   1.82373183 
   5.183200   1.82020607 
   5.188100   1.81684581 
   5.193000   1.81366081 
   5.197900   1.81065965 
   5.202700   1.80790465 
   5.207600   1.80528569 
   5.212500   1.80286436 
   5.217400   1.80063992 
   5.222300   1.79860842 
   5.227200   1.79676245 
   5.232000   1.79512359 
   5.236900   1.79360942 
   5.241800   1.79223818 
   5.246700   1.79098910 
   5.251600   1.78983866 
   5.256500   1.78876103 
   5.261400   1.78772861 
   5.266200   1.78673338 
   5.271100   1.78570502 
   5.276000   1.78463508 
   5.280900   1.78349504 
   5.285800   1.78225778 
   5.290700   1.78089814 
   5.295600   1.77939351 
   5.300400   1.77776012 
   5.305300   1.77591392 
   5.310200   1.77387461 
   5.315100   1.77163349 
   5.320000   1.76918582 
   5.324900   1.76653088 
   5.329800   1.76367181 
   5.334600   1.76067974 
   5.339500   1.75744007 
   5.344400   1.75402645 
   5.349300   1.75045492 
   5.354200   1.74674375 
   5.359100   1.74291304 
   5.363900   1.73906525 
   5.368800   1.73506192 
   5.373700   1.73100494 
   5.378600   1.72691687 
   5.383500   1.72281976 
   5.388400   1.71873478 
   5.393300   1.71468186 
   5.398100   1.71076043 
   5.403000   1.70682344 
   5.407900   1.70296777 
   5.412800   1.69920589 
   5.417700   1.69554805 
   5.422600   1.69200214 
   5.427500   1.68857376 
   5.432300   1.68533249 
   5.437200   1.68214432 
   5.442100   1.67907697 
   5.447000   1.67612738 
   5.451900   1.67329059 
   5.456800   1.67055990 
   5.461700   1.66792710 
   5.466500   1.66543369 
   5.471400   1.66296518 
   5.476300   1.66056265 
   5.481200   1.65821353 
   5.486100   1.65590465 
   5.491000   1.65362239 
   5.495800   1.65139916 
   5.500700   1.64912856 
   5.505600   1.64684305 
   5.510500   1.64452886 
   5.515400   1.64217252 
   5.520300   1.63976099 
   5.525200   1.63728173 
   5.530000   1.63477589 
   5.534900   1.63212801 
   5.539800   1.62937892 
   5.544700   1.62651889 
   5.549600   1.62353905 
   5.554500   1.62043141 
   5.559400   1.61718893 
   5.564200   1.61387598 
   5.569100   1.61034948 
   5.574000   1.60667284 
   5.578900   1.60284292 
   5.583800   1.59885763 
   5.588700   1.59471590 
   5.593600   1.59041772 
   5.598400   1.58605654 
   5.603300   1.58145270 
   5.608200   1.57669856 
   5.613100   1.57179824 
   5.618000   1.56675682 
   5.622900   1.56158038 
   5.627700   1.55638538 
   5.632600   1.55096305 
   5.637500   1.54542894 
   5.642400   1.53979238 
   5.647300   1.53406335 
   5.652200   1.52825234 
   5.657100   1.52237032 
   5.661900   1.51655034 
   5.666800   1.51056123 
   5.671700   1.50453529 
   5.676600   1.49848415 
   5.681500   1.49241936 
   5.686400   1.48635225 
   5.691300   1.48029385 
   5.696100   1.47437778 
   5.701000   1.46836757 
   5.705900   1.46239635 
   5.710800   1.45647321 
   5.715700   1.45060660 
   5.720600   1.44480431 
   5.725500   1.43907346 
   5.730300   1.43353504 
   5.735200   1.42796391 
   5.740100   1.42248135 
   5.745000   1.41709175 
   5.749900   1.41179885 
   5.754800   1.40660573 
   5.759600   1.40161772 
   5.764500   1.39662880 
   5.769400   1.39174517 
   5.774300   1.38696749 
   5.779200   1.38229580 
   5.784100   1.37772952 
   5.789000   1.37326750 
   5.793800   1.36899589 
   5.798700   1.36473431 
   5.803600   1.36056970 
   5.808500   1.35649829 
   5.813400   1.35251563 
   5.818300   1.34861651 
   5.823200   1.34479504 
   5.828000   1.34112046 
   5.832900   1.33743241 
   5.837800   1.33380009 
   5.842700   1.33021473 
   5.847600   1.32666691 
   5.852500   1.32314658 
   5.857400   1.31964317 
   5.862200   1.31621702 
   5.867100   1.31271414 
   5.872000   1.30919424 
   5.876900   1.30564549 
   5.881800   1.30205602 
   5.886700   1.29841410 
   5.891500   1.29478465 
   5.896400   1.29100563 
   5.901300   1.28714159 
   5.906200   1.28318295 
   5.911100   1.27912108 
   5.916000   1.27494851 
   5.920900   1.27065905 
   5.925700   1.26633922 
   5.930600   1.26180590 
   5.935500   1.25714635 
   5.940400   1.25236087 
   5.945300   1.24745161 
   5.950200   1.24242265 
   5.955100   1.23727996 
   5.959900   1.23213952 
   5.964800   1.22679668 
   5.969700   1.22136889 
   5.974600   1.21586917 
   5.979500   1.21031201 
   5.984400   1.20471316 
   5.989300   1.19908943 
   5.994100   1.19357331 
   5.999000   1.18795279 
   6.003900   1.18236121 
   6.008800   1.17681699 
   6.013700   1.17133825 
   6.018600   1.16594252 
   6.023400   1.16075347 
   6.028300   1.15557022 
   6.033200   1.15051620 
   6.038100   1.14560408 
   6.043000   1.14084484 
   6.047900   1.13624754 
   6.052800   1.13181923 
   6.057600   1.12764998 
   6.062500   1.12356892 
   6.067400   1.11966551 
   6.072300   1.11593852 
   6.077200   1.11238472 
   6.082100   1.10899902 
   6.087000   1.10577456 
   6.091800   1.10276417 
   6.096700   1.09983280 
   6.101600   1.09703376 
   6.106500   1.09435515 
   6.111400   1.09178435 
   6.116300   1.08930823 
   6.121200   1.08691341 
   6.126000   1.08463336 
   6.130900   1.08236006 
   6.135800   1.08012884 
   6.140700   1.07792745 
   6.145600   1.07574442 
   6.150500   1.07356925 
   6.155300   1.07143699 
   6.160200   1.06925070 
   6.165100   1.06704781 
   6.170000   1.06482273 
   6.174900   1.06257128 
   6.179800   1.06029073 
   6.184700   1.05797973 
   6.189500   1.05568641 
   6.194400   1.05331652 
   6.199300   1.05092003 
   6.204200   1.04850058 
   6.209100   1.04606269 
   6.214000   1.04361172 
   6.218900   1.04115358 
   6.223700   1.03874475 
   6.228600   1.03629127 
   6.233500   1.03384985 
   6.238400   1.03142677 
   6.243300   1.02902790 
   6.248200   1.02665850 
   6.253100   1.02432303 
   6.257900   1.02207151 
   6.262800   1.01981258 
   6.267700   1.01759487 
   6.272600   1.01541852 
   6.277500   1.01328246 
   6.282400   1.01118443 
   6.287200   1.00916283 
   6.292100   1.00712913 
   6.297000   1.00512055 
   6.301900   1.00313120 
   6.306800   1.00115471 
   6.311700   0.99918454 
   6.316600   0.99721420 
   6.321400   0.99527799 
   6.326300   0.99328982 
   6.331200   0.99128535 
   6.336100   0.98926119 
   6.341000   0.98721541 
   6.345900   0.98514776 
   6.350800   0.98305989 
   6.355600   0.98099860 
   6.360500   0.97888374 
   6.365400   0.97676615 
   6.370300   0.97465611 
   6.375200   0.97256608 
   6.380100   0.97051061 
   6.385000   0.96850616 
   6.389800   0.96660956 
   6.394700   0.96476104 
   6.399600   0.96302157 
   6.404500   0.96141261 
   6.409400   0.95995602 
   6.414300   0.95867363 
   6.419100   0.95760689 
   6.424000   0.95673148 
   6.428900   0.95609085 
   6.433800   0.95570241 
   6.438700   0.95558136 
   6.443600   0.95574035 
   6.448500   0.95618911 
   6.453300   0.95691594 
   6.458200   0.95795410 
   6.463100   0.95929086 
   6.468000   0.96092174 
   6.472900   0.96283833 
   6.477800   0.96502828 
   6.482700   0.96747537 
   6.487500   0.97010261 
   6.492400   0.97299634 
   6.497300   0.97607741 
   6.502200   0.97931607 
   6.507100   0.98267999 
   6.512000   0.98613467 
   6.516900   0.98964397 
   6.521700   0.99309871 
   6.526600   0.99660558 
   6.531500   1.00005470 
   6.536400   1.00340866 
   6.541300   1.00663108 
   6.546200   1.00968719 
   6.551100   1.01254434 
   6.555900   1.01512128 
   6.560800   1.01749872 
   6.565700   1.01959669 
   6.570600   1.02139499 
   6.575500   1.02287723 
   6.580400   1.02403095 
   6.585200   1.02483447 
   6.590100   1.02531683 
   6.595000   1.02545715 
   6.599900   1.02525841 
   6.604800   1.02472700 
   6.609700   1.02387240 
   6.614600   1.02270680 
   6.619400   1.02127734 
   6.624300   1.01954049 
   6.629200   1.01754065 
   6.634100   1.01529635 
   6.639000   1.01282648 
   6.643900   1.01014988 
   6.648800   1.00728492 
   6.653600   1.00431262 
   6.658500   1.00112511 
   6.663400   0.99779739 
   6.668300   0.99434248 
   6.673200   0.99077149 
   6.678100   0.98709355 
   6.683000   0.98331574 
   6.687800   0.97952312 
   6.692700   0.97556082 
   6.697600   0.97150838 
   6.702500   0.96736574 
   6.707400   0.96313153 
   6.712300   0.95880332 
   6.717100   0.95446927 
   6.722000   0.94994525 
   6.726900   0.94531681 
   6.731800   0.94058040 
   6.736700   0.93573291 
   6.741600   0.93077197 
   6.746500   0.92569620 
   6.751300   0.92061248 
   6.756200   0.91531012 
   6.761100   0.90989653 
   6.766000   0.90437597 
   6.770900   0.89875439 
   6.775800   0.89303947 
   6.780700   0.88724057 
   6.785500   0.88148924 
   6.790400   0.87555829 
   6.795300   0.86958105 
   6.800200   0.86357320 
   6.805100   0.85755176 
   6.810000   0.85153505 
   6.814900   0.84554250 
   6.819700   0.83971544 
   6.824600   0.83383213 
   6.829500   0.82803682 
   6.834400   0.82235259 
   6.839300   0.81680324 
   6.844200   0.81141322 
   6.849000   0.80631177 
   6.853900   0.80131148 
   6.858800   0.79654660 
   6.863700   0.79204359 
   6.868600   0.78782922 
   6.873500   0.78393055 
   6.878400   0.78037478 
   6.883200   0.77725029 
   6.888100   0.77445355 
   6.893000   0.77208037 
   6.897900   0.77015704 
   6.902800   0.76870912 
   6.907700   0.76776109 
   6.912600   0.76733606 
   6.917400   0.76744739 
   6.922300   0.76811865 
   6.927200   0.76936989 
   6.932100   0.77121490 
   6.937000   0.77366403 
   6.941900   0.77672382 
   6.946800   0.78039649 
   6.951600   0.78458609 
   6.956500   0.78945980 
   6.961400   0.79492366 
   6.966300   0.80095908 
   6.971200   0.80754152 
   6.976100   0.81464037 
   6.980900   0.82205969 
   6.985800   0.83006657 
   6.990700   0.83846253 
   6.995600   0.84719320 
   7.000500   0.85619885 
   7.005400   0.86541485 
   7.010300   0.87477226 
   7.015100   0.88400593 
   7.020000   0.89342641 
   7.024900   0.90276429 
   7.029800   0.91194088 
   7.034700   0.92087731 
   7.039600   0.92949545 
   7.044500   0.93771895 
   7.049300   0.94532113 
   7.054200   0.95255004 
   7.059100   0.95917700 
   7.064000   0.96514226 
   7.068900   0.97039231 
   7.073800   0.97488064 
   7.078700   0.97856824 
   7.083500   0.98137427 
   7.088400   0.98339319 
   7.093300   0.98454347 
   7.098200   0.98481908 
   7.103100   0.98422233 
   7.108000   0.98276365 
   7.112800   0.98051646 
   7.117700   0.97741200 
   7.122600   0.97352042 
   7.127500   0.96887956 
   7.132400   0.96353243 
   7.137300   0.95752643 
   7.142200   0.95091245 
   7.147000   0.94389554 
   7.151900   0.93623768 
   7.156800   0.92813582 
   7.161700   0.91964633 
   7.166600   0.91082491 
   7.171500   0.90172593 
   7.176400   0.89240178 
   7.181200   0.88309762 
   7.186100   0.87347190 
   7.191000   0.86376042 
   7.195900   0.85400317 
   7.200800   0.84423630 
   7.205700   0.83449210 
   7.210600   0.82479890 
   7.215400   0.81537658 
   7.220300   0.80585297 
   7.225200   0.79644250 
   7.230100   0.78715912 
   7.235000   0.77801373 
   7.239900   0.76901449 
   7.244700   0.76034613 
   7.249600   0.75165103 
   7.254500   0.74311323 
   7.259400   0.73473313 
   7.264300   0.72650997 
   7.269200   0.71844214 
   7.274100   0.71052743 
   7.278900   0.70292025 
   7.283800   0.69530096 
   7.288700   0.68782694 
   7.293600   0.68049575 
   7.298500   0.67330528 
   7.303400   0.66625390 
   7.308300   0.65934050 
   7.313100   0.65270150 
   7.318000   0.64606042 
   7.322900   0.63955779 
   7.327800   0.63319515 
   7.332700   0.62697472 
   7.337600   0.62089945 
   7.342500   0.61497300 
   7.347300   0.60931597 
   7.352200   0.60369755 
   7.357100   0.59824284 
   7.362000   0.59295811 
   7.366900   0.58785019 
   7.371800   0.58292648 
   7.376600   0.57828944 
   7.381500   0.57375403 
   7.386400   0.56942747 
   7.391300   0.56531869 
   7.396200   0.56143673 
   7.401100   0.55779069 
   7.406000   0.55438957 
   7.410800   0.55130372 
   7.415700   0.54841271 
   7.420600   0.54579112 
   7.425500   0.54344575 
   7.430400   0.54138236 
   7.435300   0.53960544 
   7.440200   0.53811792 
   7.445000   0.53694252 
   7.449900   0.53602948 
   7.454800   0.53540331 
   7.459700   0.53505861 
   7.464600   0.53498742 
   7.469500   0.53517903 
   7.474400   0.53561987 
   7.479200   0.53627749 
   7.484100   0.53716017 
   7.489000   0.53823420 
   7.493900   0.53947435 
   7.498800   0.54085268 
   7.503700   0.54233866 
   7.508500   0.54386713 
   7.513400   0.54546755 
   7.518300   0.54707229 
   7.523200   0.54864363 
   7.528100   0.55014303 
   7.533000   0.55153158 
   7.537900   0.55277055 
   7.542700   0.55380249 
   7.547600   0.55463413 
   7.552500   0.55520670 
   7.557400   0.55548718 
   7.562300   0.55544526 
   7.567200   0.55505378 
   7.572100   0.55428915 
   7.576900   0.55315936 
   7.581800   0.55160212 
   7.586700   0.54962585 
   7.591600   0.54722411 
   7.596500   0.54439521 
   7.601400   0.54114218 
   7.606300   0.53747276 
   7.611100   0.53348630 
   7.616000   0.52903301 
   7.620900   0.52421250 
   7.625800   0.51904920 
   7.630700   0.51357087 
   7.635600   0.50780827 
   7.640400   0.50191962 
   7.645300   0.49569417 
   7.650200   0.48928886 
   7.655100   0.48274134 
   7.660000   0.47608975 
   7.664900   0.46937219 
   7.669800   0.46262625 
   7.674600   0.45602572 
   7.679500   0.44933020 
   7.684400   0.44271087 
   7.689300   0.43619908 
   7.694200   0.42982379 
   7.699100   0.42361132 
   7.704000   0.41758514 
   7.708800   0.41188236 
   7.713700   0.40628258 
   7.718600   0.40092125 
   7.723500   0.39580975 
   7.728400   0.39095646 
   7.733300   0.38636681 
   7.738200   0.38204345 
   7.743000   0.37806650 
   7.747900   0.37426785 
   7.752800   0.37072833 
   7.757700   0.36744116 
   7.762600   0.36439769 
   7.767500   0.36158766 
   7.772300   0.35905009 
   7.777200   0.35666667 
   7.782100   0.35447871 
   7.787000   0.35247173 
   7.791900   0.35063071 
   7.796800   0.34894028 
   7.801700   0.34738493 
   7.806500   0.34597735 
   7.811400   0.34464382 
   7.816300   0.34339977 
   7.821200   0.34223061 
   7.826100   0.34112224 
   7.831000   0.34006124 
   7.835900   0.33903488 
   7.840700   0.33805157 
   7.845600   0.33705947 
   7.850500   0.33606907 
   7.855400   0.33507113 
   7.860300   0.33405739 
   7.865200   0.33302056 
   7.870100   0.33195436 
   7.874900   0.33087633 
   7.879800   0.32973730 
   7.884700   0.32855601 
   7.889600   0.32733000 
   7.894500   0.32605777 
   7.899400   0.32473865 
   7.904300   0.32337280 
   7.909100   0.32199040 
   7.914000   0.32053546 
   7.918900   0.31903859 
   7.923800   0.31750263 
   7.928700   0.31593096 
   7.933600   0.31432738 
   7.938400   0.31272962 
   7.943300   0.31107550 
   7.948200   0.30940274 
   7.953100   0.30771619 
   7.958000   0.30602078 
   7.962900   0.30432148 
   7.967800   0.30262319 
   7.972600   0.30096515 
   7.977500   0.29928285 
   7.982400   0.29761533 
   7.987300   0.29596678 
   7.992200   0.29434109 
   7.997100   0.29274183 
   8.002000   0.29117221 
   8.006800   0.28966614 
   8.011700   0.28816330 
   8.016600   0.28669752 
   8.021500   0.28527054 
   8.026400   0.28388373 
   8.031300   0.28253808 
   8.036200   0.28123427 
   8.041000   0.27999797 
   8.045900   0.27877772 
   8.050800   0.27759949 
   8.055700   0.27646285 
   8.060600   0.27536716 
   8.065500   0.27431160 
   8.070300   0.27331561 
   8.075200   0.27233667 
   8.080100   0.27139483 
   8.085000   0.27048899 
   8.089900   0.26961802 
   8.094800   0.26878085 
   8.099700   0.26797647 
   8.104500   0.26721940 
   8.109400   0.26647727 
   8.114300   0.26576547 
   8.119200   0.26508343 
   8.124100   0.26443070 
   8.129000   0.26380699 
   8.133900   0.26321214 
   8.138700   0.26265741 
   8.143600   0.26211979 
   8.148500   0.26161134 
   8.153400   0.26113239 
   8.158300   0.26068332 
   8.163200   0.26026457 
   8.168100   0.25987659 
   8.172900   0.25952681 
   8.177800   0.25920105 
   8.182700   0.25890724 
   8.187600   0.25864559 
   8.192500   0.25841620 
   8.197400   0.25821894 
   8.202200   0.25805656 
   8.207100   0.25792175 
   8.212000   0.25781738 
   8.216900   0.25774232 
   8.221800   0.25769515 
   8.226700   0.25767407 
   8.231600   0.25767698 
   8.236400   0.25770070 
   8.241300   0.25774346 
   8.246200   0.25780183 
   8.251100   0.25787232 
   8.256000   0.25795115 
   8.260900   0.25803423 
   8.265800   0.25811726 
   8.270600   0.25819417 
   8.275500   0.25826355 
   8.280400   0.25831890 
   8.285300   0.25835534 
   8.290200   0.25836795 
   8.295100   0.25835186 
   8.300000   0.25830229 
   8.304800   0.25821682 
   8.309700   0.25808753 
   8.314600   0.25791164 
   8.319500   0.25768530 
   8.324400   0.25740500 
   8.329300   0.25706763 
   8.334100   0.25667923 
   8.339000   0.25622144 
   8.343900   0.25569998 
   8.348800   0.25511360 
   8.353700   0.25446153 
   8.358600   0.25374354 
   8.363500   0.25295985 
   8.368300   0.25212916 
   8.373200   0.25121802 
   8.378100   0.25024467 
   8.383000   0.24921113 
   8.387900   0.24811981 
   8.392800   0.24697341 
   8.397700   0.24577497 
   8.402500   0.24455367 
   8.407400   0.24326206 
   8.412300   0.24192877 
   8.417200   0.24055759 
   8.422100   0.23915243 
   8.427000   0.23771726 
   8.431900   0.23625609 
   8.436700   0.23480342 
   8.441600   0.23330265 
   8.446500   0.23178783 
   8.451400   0.23026293 
   8.456300   0.22873184 
   8.461200   0.22719843 
   8.466000   0.22569773 
   8.470900   0.22417090 
   8.475800   0.22265296 
   8.480700   0.22114759 
   8.485600   0.21965843 
   8.490500   0.21818911 
   8.495400   0.21674327 
   8.500200   0.21535318 
   8.505100   0.21396446 
   8.510000   0.21261000 
   8.514900   0.21129341 
   8.519800   0.21001834 
   8.524700   0.20878838 
   8.529600   0.20760716 
   8.534400   0.20650073 
   8.539300   0.20542643 
   8.544200   0.20441130 
   8.549100   0.20345866 
   8.554000   0.20257167 
   8.558900   0.20175334 
   8.563800   0.20100643 
   8.568600   0.20034644 
   8.573500   0.19974804 
   8.578400   0.19922759 
   8.583300   0.19878657 
   8.588200   0.19842602 
   8.593100   0.19814650 
   8.597900   0.19795131 
   8.602800   0.19783186 
   8.607700   0.19779201 
   8.612600   0.19783016 
   8.617500   0.19794412 
   8.622400   0.19813108 
   8.627300   0.19838767 
   8.632100   0.19870272 
   8.637000   0.19908493 
   8.641900   0.19952335 
   8.646800   0.20001247 
   8.651700   0.20054632 
   8.656600   0.20111854 
   8.661500   0.20172246 
   8.666300   0.20233810 
   8.671200   0.20298408 
   8.676100   0.20364057 
   8.681000   0.20430026 
   8.685900   0.20495590 
   8.690800   0.20560035 
   8.695700   0.20622666 
   8.700500   0.20681615 
   8.705400   0.20738716 
   8.710300   0.20792119 
   8.715200   0.20841274 
   8.720100   0.20885684 
   8.725000   0.20924909 
   8.729800   0.20957938 
   8.734700   0.20985833 
   8.739600   0.21007590 
   8.744500   0.21023018 
   8.749400   0.21031988 
   8.754300   0.21034436 
   8.759200   0.21030359 
   8.764000   0.21020090 
   8.768900   0.21003309 
   8.773800   0.20980321 
   8.778700   0.20951330 
   8.783600   0.20916579 
   8.788500   0.20876343 
   8.793400   0.20830925 
   8.798200   0.20781723 
   8.803100   0.20727019 
   8.808000   0.20668135 
   8.812900   0.20605419 
   8.817800   0.20539215 
   8.822700   0.20469855 
   8.827600   0.20397658 
   8.832400   0.20324472 
   8.837300   0.20247517 
   8.842200   0.20168541 
   8.847100   0.20087764 
   8.852000   0.20005370 
   8.856900   0.19921515 
   8.861700   0.19838071 
   8.866600   0.19751646 
   8.871500   0.19664023 
   8.876400   0.19575226 
   8.881300   0.19485254 
   8.886200   0.19394079 
   8.891100   0.19301652 
   8.895900   0.19209832 
   8.900800   0.19114712 
   8.905700   0.19018102 
   8.910600   0.18919905 
   8.915500   0.18820025 
   8.920400   0.18718371 
   8.925300   0.18614858 
   8.930100   0.18511590 
   8.935000   0.18404211 
   8.939900   0.18294822 
   8.944800   0.18183415 
   8.949700   0.18070013 
   8.954600   0.17954666 
   8.959500   0.17837456 
   8.964300   0.17720944 
   8.969200   0.17600422 
   8.974100   0.17478482 
   8.979000   0.17355339 
   8.983900   0.17231242 
   8.988800   0.17106467 
   8.993600   0.16983875 
   8.998500   0.16858680 
   9.003400   0.16733784 
   9.008300   0.16609551 
   9.013200   0.16486362 
   9.018100   0.16364604 
   9.023000   0.16244667 
   9.027800   0.16129317 
   9.032700   0.16014125 
   9.037600   0.15901889 
   9.042500   0.15792964 
   9.047400   0.15687683 
   9.052300   0.15586356 
   9.057200   0.15489262 
   9.062000   0.15398491 
   9.066900   0.15310468 
   9.071800   0.15227303 
   9.076700   0.15149125 
   9.081600   0.15076024 
   9.086500   0.15008041 
   9.091400   0.14945175 
   9.096200   0.14888509 
   9.101100   0.14835594 
   9.106000   0.14787528 
   9.110900   0.14744138 
   9.115800   0.14705209 
   9.120700   0.14670490 
   9.125500   0.14640289 
   9.130400   0.14613037 
   9.135300   0.14589063 
   9.140200   0.14568002 
   9.145100   0.14549474 
   9.150000   0.14533083 
   9.154900   0.14518424 
   9.159700   0.14505350 
   9.164600   0.14492914 
   9.169500   0.14480996 
   9.174400   0.14469199 
   9.179300   0.14457141 
   9.184200   0.14444457 
   9.189100   0.14430802 
   9.193900   0.14416175 
   9.198800   0.14399680 
   9.203700   0.14381343 
   9.208600   0.14360933 
   9.213500   0.14338251 
   9.218400   0.14313135 
   9.223300   0.14285456 
   9.228100   0.14255769 
   9.233000   0.14222781 
   9.237900   0.14187059 
   9.242800   0.14148614 
   9.247700   0.14107487 
   9.252600   0.14063748 
   9.257400   0.14018461 
   9.262300   0.13969859 
   9.267200   0.13919000 
   9.272100   0.13866041 
   9.277000   0.13811153 
   9.281900   0.13754518 
   9.286800   0.13696324 
   9.291600   0.13637989 
   9.296500   0.13577270 
   9.301400   0.13515557 
   9.306300   0.13453031 
   9.311200   0.13389864 
   9.316100   0.13326218 
   9.321000   0.13262240 
   9.325800   0.13199375 
   9.330700   0.13135120 
   9.335600   0.13070886 
   9.340500   0.13006758 
   9.345400   0.12942806 
   9.350300   0.12879083 
   9.355200   0.12815628 
   9.360000   0.12753753 
   9.364900   0.12690890 
   9.369800   0.12628335 
   9.374700   0.12566080 
   9.379600   0.12504111 
   9.384500   0.12442406 
   9.389400   0.12380944 
   9.394200   0.12320944 
   9.399100   0.12259882 
   9.404000   0.12198985 
   9.408900   0.12138228 
   9.413800   0.12077591 
   9.418700   0.12017058 
   9.423500   0.11957850 
   9.428400   0.11897490 
   9.433300   0.11837210 
   9.438200   0.11777009 
   9.443100   0.11716891 
   9.448000   0.11656862 
   9.452900   0.11596930 
   9.457700   0.11538323 
   9.462600   0.11478607 
   9.467500   0.11419011 
   9.472400   0.11359539 
   9.477300   0.11300192 
   9.482200   0.11240964 
   9.487100   0.11181847 
   9.491900   0.11124027 
   9.496800   0.11065073 
   9.501700   0.11006161 
   9.506600   0.10947253 
   9.511500   0.10888305 
   9.516400   0.10829266 
   9.521300   0.10770079 
   9.526100   0.10711893 
   9.531000   0.10652220 
   9.535900   0.10592196 
   9.540800   0.10531746 
   9.545700   0.10470797 
   9.550600   0.10409271 
   9.555400   0.10348370 
   9.560300   0.10285486 
   9.565200   0.10221814 
   9.570100   0.10157290 
   9.575000   0.10091859 
   9.579900   0.10025472 
   9.584800   0.09958087 
   9.589600   0.09891082 
   9.594500   0.09821642 
   9.599400   0.09751142 
   9.604300   0.09679580 
   9.609200   0.09606966 
   9.614100   0.09533318 
   9.619000   0.09458667 
   9.623800   0.09384604 
   9.628700   0.09308090 
   9.633600   0.09230715 
   9.638500   0.09152542 
   9.643400   0.09073643 
   9.648300   0.08994093 
   9.653200   0.08913973 
   9.658000   0.08835016 
   9.662900   0.08754018 
   9.667800   0.08672708 
   9.672700   0.08591175 
   9.677600   0.08509507 
   9.682500   0.08427791 
   9.687300   0.08347779 
   9.692200   0.08266215 
   9.697100   0.08184847 
   9.702000   0.08103747 
   9.706900   0.08022983 
   9.711800   0.07942618 
   9.716700   0.07862706 
   9.721500   0.07784913 
   9.726400   0.07706038 
   9.731300   0.07627741 
   9.736200   0.07550049 
   9.741100   0.07472981 
   9.746000   0.07396546 
   9.750900   0.07320746 
   9.755700   0.07247103 
   9.760600   0.07172532 
   9.765500   0.07098550 
   9.770400   0.07025124 
   9.775300   0.06952212 
   9.780200   0.06879763 
   9.785100   0.06807720 
   9.789900   0.06737474 
   9.794800   0.06666026 
   9.799700   0.06594759 
   9.804600   0.06523582 
   9.809500   0.06452400 
   9.814400   0.06381108 
   9.819200   0.06311060 
   9.824100   0.06239225 
   9.829000   0.06166941 
   9.833900   0.06094088 
   9.838800   0.06020541 
   9.843700   0.05946176 
   9.848600   0.05870868 
   9.853400   0.05796063 
   9.858300   0.05718525 
   9.863200   0.05639683 
   9.868100   0.05559424 
   9.873000   0.05477643 
   9.877900   0.05394240 
   9.882800   0.05309125 
   9.887600   0.05224011 
   9.892500   0.05135285 
   9.897400   0.05044645 
   9.902300   0.04952051 
   9.907200   0.04857474 
   9.912100   0.04760904 
   9.917000   0.04662346 
   9.921800   0.04563893 
   9.926700   0.04461480 
   9.931600   0.04357196 
   9.936500   0.04251114 
   9.941400   0.04143326 
   9.946300   0.04033940 
   9.951100   0.03925359 
   9.956000   0.03813197 
   9.960900   0.03699858 
   9.965800   0.03585512 
   9.970700   0.03470342 
   9.975600   0.03354544 
   9.980500   0.03238323 
   9.985300   0.03124269 
   9.990200   0.03007847 
   9.995100   0.02891657 
  10.000000   0.02775928 
 