 0.0000E+00   9.70083E-01 0.2085
    4.8852E-03   1.37245E+04 0.0018
    9.7704E-03   3.01485E+02 0.0118
    1.4656E-02   3.08276E+02 0.0117
    1.9541E-02   3.03003E+02 0.0118
    2.4426E-02   3.10806E+02 0.0116
    2.9311E-02   3.20127E+02 0.0115
    3.4196E-02   3.14855E+02 0.0116
    3.9082E-02   3.17302E+02 0.0115
    4.3967E-02   3.26876E+02 0.0114
    4.8852E-02   3.23164E+02 0.0114
    5.3737E-02   3.34215E+02 0.0112
    5.8622E-02   2.84875E+03 0.0038
    6.3508E-02   3.67324E+02 0.0107
    6.8393E-02   3.86009E+02 0.0105
    7.3278E-02   4.12623E+02 0.0101
    7.8163E-02   4.25276E+02 0.0100
    8.3048E-02   4.40671E+02 0.0098
    8.7934E-02   4.63362E+02 0.0095
    9.2819E-02   4.93815E+02 0.0092
    9.7704E-02   4.91200E+02 0.0093
    1.0259E-01   5.00689E+02 0.0092
    1.0747E-01   5.16337E+02 0.0090
    1.1236E-01   5.29370E+02 0.0089
    1.1724E-01   6.01409E+02 0.0084
    1.2213E-01   5.35528E+02 0.0089
    1.2702E-01   5.29581E+02 0.0089
    1.3190E-01   5.30129E+02 0.0089
    1.3679E-01   5.30973E+02 0.0089
    1.4167E-01   5.24773E+02 0.0090
    1.4656E-01   5.50923E+02 0.0087
    1.5144E-01   4.26204E+02 0.0099
    1.5633E-01   3.50453E+02 0.0110
    1.6121E-01   3.50369E+02 0.0110
    1.6610E-01   3.36071E+02 0.0112
    1.7098E-01   3.43747E+02 0.0111
    1.7587E-01   3.83352E+02 0.0105
    1.8075E-01   3.29238E+02 0.0113
    1.8564E-01   3.19790E+02 0.0115
    1.9052E-01   3.11397E+02 0.0116
    1.9541E-01   3.04142E+02 0.0118
    2.0029E-01   3.02371E+02 0.0118
    2.0518E-01   7.77501E+02 0.0074
    2.1006E-01   2.89717E+02 0.0121
    2.1495E-01   2.82969E+02 0.0122
    2.1983E-01   2.73985E+02 0.0124
    2.2472E-01   2.65044E+02 0.0126
    2.2960E-01   2.57072E+02 0.0128
    2.3449E-01   2.50492E+02 0.0130
    2.3937E-01   2.44334E+02 0.0131
    2.4426E-01   2.36152E+02 0.0134
    2.4915E-01   2.23246E+02 0.0137
    2.5403E-01   2.22065E+02 0.0138
    2.5892E-01   2.09074E+02 0.0142
    2.6380E-01   2.30416E+02 0.0135
    2.6869E-01   1.96041E+02 0.0147
    2.7357E-01   1.97644E+02 0.0146
    2.7846E-01   1.84400E+02 0.0151
    2.8334E-01   1.78074E+02 0.0154
    2.8823E-01   1.70566E+02 0.0157
    2.9311E-01   1.69385E+02 0.0158
    2.9800E-01   1.67403E+02 0.0159
    3.0288E-01   1.61413E+02 0.0162
    3.0777E-01   1.55340E+02 0.0165
    3.1265E-01   1.48676E+02 0.0168
    3.1754E-01   1.47200E+02 0.0169
    3.2242E-01   1.46061E+02 0.0170
    3.2731E-01   1.39397E+02 0.0174
    3.3219E-01   1.34167E+02 0.0177
    3.3708E-01   1.38595E+02 0.0174
    3.4196E-01   1.27756E+02 0.0182
    3.4685E-01   1.30750E+02 0.0180
    3.5173E-01   1.22526E+02 0.0186
    3.5662E-01   1.14681E+02 0.0192
    3.6150E-01   1.28051E+02 0.0181
    3.6639E-01   1.12867E+02 0.0193
    3.7128E-01   1.08438E+02 0.0197
    3.7616E-01   1.31720E+02 0.0179
    3.8105E-01   1.06625E+02 0.0199
    3.8593E-01   1.02702E+02 0.0203
    3.9082E-01   1.03968E+02 0.0201
    3.9570E-01   1.02744E+02 0.0203
    4.0059E-01   9.73879E+01 0.0208
    4.0547E-01   9.72614E+01 0.0208
    4.1036E-01   1.02112E+02 0.0203
    4.1524E-01   9.81471E+01 0.0207
    4.2013E-01   2.42352E+02 0.0132
    4.2501E-01   9.36763E+01 0.0212
    4.2990E-01   9.38872E+01 0.0212
    4.3478E-01   9.46042E+01 0.0211
    4.3967E-01   9.16940E+01 0.0214
    4.4455E-01   2.27168E+02 0.0136
    4.4944E-01   9.01756E+01 0.0216
    4.5432E-01   8.54095E+01 0.0222
    4.5921E-01   8.16979E+01 0.0227
    4.6409E-01   8.66326E+01 0.0221
    4.6898E-01   8.20775E+01 0.0227
    4.7386E-01   1.18645E+02 0.0189
    4.7875E-01   8.57469E+01 0.0222
    4.8363E-01   7.59196E+01 0.0236
    4.8852E-01   7.17440E+01 0.0242
    4.9340E-01   6.95929E+01 0.0246
    4.9829E-01   7.89142E+01 0.0231
    5.0318E-01   7.03943E+01 0.0245
    5.0806E-01   6.69357E+01 0.0251
    5.1295E-01   3.64751E+02 0.0108
    5.1783E-01   6.33085E+01 0.0258
    5.2272E-01   6.49534E+01 0.0255
    5.2760E-01   5.96812E+01 0.0266
    5.3249E-01   5.79519E+01 0.0270
    5.3737E-01   5.82050E+01 0.0269
    5.4226E-01   5.49573E+01 0.0277
    5.4714E-01   5.68975E+01 0.0272
    5.5203E-01   5.46199E+01 0.0278
    5.5691E-01   5.33546E+01 0.0281
    5.6180E-01   5.52526E+01 0.0276
    5.6668E-01   5.11613E+01 0.0287
    5.7157E-01   5.41559E+01 0.0279
    5.7645E-01   5.37764E+01 0.0280
    5.8134E-01   5.10770E+01 0.0287
    5.8622E-01   4.98960E+01 0.0291
    5.9111E-01   5.07396E+01 0.0288
    5.9599E-01   6.91290E+01 0.0247
    6.0088E-01   4.84620E+01 0.0295
    6.0576E-01   4.84198E+01 0.0295
    6.1065E-01   4.74075E+01 0.0298
    6.1553E-01   4.64375E+01 0.0301
    6.2042E-01   6.66405E+01 0.0252
    6.2531E-01   4.86307E+01 0.0294
    6.3019E-01   7.57508E+01 0.0236
    6.3508E-01   4.28945E+01 0.0314
    6.3996E-01   4.49612E+01 0.0306
    6.4485E-01   4.75341E+01 0.0298
    6.4973E-01   4.50878E+01 0.0306
    6.5462E-01   4.59313E+01 0.0303
    6.5950E-01   5.03600E+01 0.0289
    6.6439E-01   4.09544E+01 0.0321
    6.6927E-01   4.01952E+01 0.0324
    6.7416E-01   4.01530E+01 0.0324
    6.7904E-01   3.93095E+01 0.0328
    6.8393E-01   3.60618E+01 0.0342
    6.8881E-01   4.17136E+01 0.0318
    6.9370E-01   3.60618E+01 0.0342
    6.9858E-01   3.68632E+01 0.0338
    7.0347E-01   3.49230E+01 0.0348
    7.0835E-01   3.26032E+01 0.0360
    7.1324E-01   3.22236E+01 0.0362
    7.1812E-01   3.53026E+01 0.0346
    7.2301E-01   3.29828E+01 0.0358
    7.2789E-01   3.26032E+01 0.0360
    7.3278E-01   3.39951E+01 0.0352
    7.3766E-01   3.25611E+01 0.0360
    7.4255E-01   3.29407E+01 0.0358
    7.4744E-01   4.63531E+01 0.0302
    7.5232E-01   3.28141E+01 0.0359
    7.5721E-01   2.94821E+01 0.0378
    7.6209E-01   3.13379E+01 0.0367
    7.6698E-01   2.84277E+01 0.0385
    7.7186E-01   3.05365E+01 0.0372
    7.7675E-01   3.07052E+01 0.0371
    7.8163E-01   3.46278E+01 0.0349
    7.8652E-01   2.99460E+01 0.0375
    7.9140E-01   3.19284E+01 0.0363
    7.9629E-01   3.36577E+01 0.0354
    8.0117E-01   2.94399E+01 0.0379
    8.0606E-01   2.96508E+01 0.0377
    8.1094E-01   3.04100E+01 0.0372
    8.1583E-01   2.79215E+01 0.0389
    8.2071E-01   3.03678E+01 0.0373
    8.2560E-01   2.98617E+01 0.0376
    8.3048E-01   3.47543E+01 0.0348
    8.3537E-01   2.99039E+01 0.0376
    8.4025E-01   2.78793E+01 0.0389
    8.4514E-01   5.56322E+01 0.0275
    8.5002E-01   4.41177E+02 0.0098
    8.5491E-01   2.60657E+01 0.0402
    8.5979E-01   2.53065E+01 0.0408
    8.6468E-01   2.38725E+01 0.0420
    8.6957E-01   2.75841E+01 0.0391
    8.7445E-01   2.40412E+01 0.0419
    8.7934E-01   2.44208E+01 0.0416
    8.8422E-01   2.58970E+01 0.0404
    8.8911E-01   2.51378E+01 0.0410
    8.9399E-01   2.43786E+01 0.0416
    8.9888E-01   2.47160E+01 0.0413
    9.0376E-01   2.14684E+01 0.0443
    9.0865E-01   2.47160E+01 0.0413
    9.1353E-01   2.34085E+01 0.0424
    9.1842E-01   2.21854E+01 0.0436
    9.2330E-01   2.09622E+01 0.0449
    9.2819E-01   2.11731E+01 0.0446
    9.3307E-01   2.23963E+01 0.0434
    9.3796E-01   2.15949E+01 0.0442
    9.4284E-01   2.12153E+01 0.0446
    9.4773E-01   2.18901E+01 0.0439
    9.5261E-01   2.21010E+01 0.0437
    9.5750E-01   2.34085E+01 0.0424
    9.6238E-01   2.03717E+01 0.0455
    9.6727E-01   2.02452E+01 0.0456
    9.7215E-01   2.04561E+01 0.0454
    9.7704E-01   2.15105E+01 0.0443
    9.8192E-01   2.07513E+01 0.0451
    9.8681E-01   2.65297E+01 0.0399
    9.9170E-01   1.94017E+01 0.0466
    9.9658E-01   2.15527E+01 0.0442
    1.0015E+00   1.99078E+01 0.0460
    1.0064E+00   2.10888E+01 0.0447
    1.0112E+00   1.86003E+01 0.0476
    1.0161E+00   6.48690E+01 0.0255
    1.0210E+00   1.96126E+01 0.0464
    1.0259E+00   1.91908E+01 0.0469
    1.0308E+00   1.90221E+01 0.0471
    1.0357E+00   1.94438E+01 0.0466
    1.0405E+00   3.53869E+01 0.0345
    1.0454E+00   2.03717E+01 0.0455
    1.0503E+00   1.86003E+01 0.0476
    1.0552E+00   1.91064E+01 0.0470
    1.0601E+00   1.80942E+01 0.0483
    1.0650E+00   1.78411E+01 0.0486
    1.0699E+00   1.80942E+01 0.0483
    1.0747E+00   1.65336E+01 0.0505
    1.0796E+00   1.69975E+01 0.0498
    1.0845E+00   1.71241E+01 0.0496
    1.0894E+00   1.75037E+01 0.0491
    1.0943E+00   1.77567E+01 0.0487
    1.0992E+00   1.89799E+01 0.0471
    1.1041E+00   1.64914E+01 0.0506
    1.1089E+00   1.77989E+01 0.0487
    1.1138E+00   1.66601E+01 0.0503
    1.1187E+00   1.77567E+01 0.0487
    1.1236E+00   1.73350E+01 0.0493
    1.1285E+00   1.63227E+01 0.0508
    1.1334E+00   1.69132E+01 0.0499
    1.1383E+00   1.81785E+01 0.0482
    1.1431E+00   1.63649E+01 0.0508
    1.1480E+00   1.66179E+01 0.0504
    1.1529E+00   1.88112E+01 0.0474
    1.1578E+00   1.69554E+01 0.0499
    1.1627E+00   1.67445E+01 0.0502
    1.1676E+00   1.61118E+01 0.0512
    1.1724E+00   1.74193E+01 0.0492
    1.1773E+00   1.91064E+01 0.0470
    1.1822E+00   1.61118E+01 0.0512
    1.1871E+00   1.55213E+01 0.0521
    1.1920E+00   1.60696E+01 0.0512
    1.1969E+00   1.47200E+01 0.0535
    1.2018E+00   1.46356E+01 0.0537
    1.2066E+00   1.53104E+01 0.0525
    1.2115E+00   1.52683E+01 0.0526
    1.2164E+00   1.45512E+01 0.0538
    1.2213E+00   1.58588E+01 0.0516
    1.2262E+00   1.34968E+01 0.0559
    1.2311E+00   1.53948E+01 0.0523
    1.2360E+00   1.41295E+01 0.0546
    1.2408E+00   8.84463E+01 0.0218
    1.2457E+00   1.55213E+01 0.0521
    1.2506E+00   1.32859E+01 0.0563
    1.2555E+00   1.38342E+01 0.0552
    1.2604E+00   1.43404E+01 0.0542
    1.2653E+00   1.34546E+01 0.0560
    1.2702E+00   1.45512E+01 0.0538
    1.2750E+00   1.48043E+01 0.0534
    1.2799E+00   1.51839E+01 0.0527
    1.2848E+00   1.40873E+01 0.0547
    1.2897E+00   1.48465E+01 0.0533
    1.2946E+00   1.37077E+01 0.0555
    1.2995E+00   1.53526E+01 0.0524
    1.3043E+00   2.40412E+01 0.0419
    1.3092E+00   1.29907E+01 0.0570
    1.3141E+00   1.36233E+01 0.0556
    1.3190E+00   1.32859E+01 0.0563
    1.3239E+00   1.45934E+01 0.0538
    1.3288E+00   1.32859E+01 0.0563
    1.3337E+00   1.49730E+01 0.0531
    1.3385E+00   1.68288E+01 0.0501
    1.3434E+00   1.33281E+01 0.0563
    1.3483E+00   1.48465E+01 0.0533
    1.3532E+00   1.40029E+01 0.0549
    1.3581E+00   1.38764E+01 0.0551
    1.3630E+00   1.43825E+01 0.0542
    1.3679E+00   1.40451E+01 0.0548
    1.3727E+00   1.29907E+01 0.0570
    1.3776E+00   1.32437E+01 0.0564
    1.3825E+00   1.32016E+01 0.0565
    1.3874E+00   1.31594E+01 0.0566
    1.3923E+00   1.28220E+01 0.0574
    1.3972E+00   1.21050E+01 0.0590
    1.4021E+00   1.26954E+01 0.0576
    1.4069E+00   1.29907E+01 0.0570
    1.4118E+00   2.25228E+01 0.0433
    1.4167E+00   1.23580E+01 0.0584
    1.4216E+00   1.34125E+01 0.0561
    1.4265E+00   1.25689E+01 0.0579
    1.4314E+00   1.33281E+01 0.0563
    1.4362E+00   1.27376E+01 0.0575
    1.4411E+00   1.22315E+01 0.0587
    1.4460E+00   1.24424E+01 0.0582
    1.4509E+00   1.15566E+01 0.0604
    1.4558E+00   1.18941E+01 0.0595
    1.4607E+00   1.39608E+01 0.0550
    1.4656E+00   1.13036E+01 0.0611
    1.4704E+00   1.38764E+01 0.0551
    1.4753E+00   1.22315E+01 0.0587
    1.4802E+00   1.23158E+01 0.0585
    1.4851E+00   1.17254E+01 0.0600
    1.4900E+00   1.13458E+01 0.0610
    1.4949E+00   1.24002E+01 0.0583
    1.4998E+00   1.09662E+01 0.0620
    1.5046E+00   1.35812E+01 0.0557
    1.5095E+00   1.18519E+01 0.0597
    1.5144E+00   1.34968E+01 0.0559
    1.5193E+00   1.20628E+01 0.0591
    1.5242E+00   1.19362E+01 0.0594
    1.5291E+00   1.27798E+01 0.0574
    1.5340E+00   1.24002E+01 0.0583
    1.5388E+00   1.35390E+01 0.0558
    1.5437E+00   1.11770E+01 0.0614
    1.5486E+00   1.11349E+01 0.0615
    1.5535E+00   1.05444E+01 0.0632
    1.5584E+00   1.06709E+01 0.0629
    1.5633E+00   1.27798E+01 0.0574
    1.5681E+00   1.00804E+01 0.0647
    1.5730E+00   1.12614E+01 0.0612
    1.5779E+00   1.25267E+01 0.0580
    1.5828E+00   1.12192E+01 0.0613
    1.5877E+00   1.15566E+01 0.0604
    1.5926E+00   1.20206E+01 0.0592
    1.5975E+00   1.13879E+01 0.0609
    1.6023E+00   1.13458E+01 0.0610
    1.6072E+00   1.16832E+01 0.0601
    1.6121E+00   1.24424E+01 0.0582
    1.6170E+00   1.14723E+01 0.0606
    1.6219E+00   1.07553E+01 0.0626
    1.6268E+00   1.20206E+01 0.0592
    1.6317E+00   1.05444E+01 0.0632
    1.6365E+00   1.13879E+01 0.0609
    1.6414E+00   1.12192E+01 0.0613
    1.6463E+00   1.12192E+01 0.0613
    1.6512E+00   1.09240E+01 0.0621
    1.6561E+00   1.15145E+01 0.0605
    1.6610E+00   1.07553E+01 0.0626
    1.6659E+00   1.02070E+01 0.0643
    1.6707E+00   1.71241E+01 0.0496
    1.6756E+00   9.91172E+00 0.0652
    1.6805E+00   1.10083E+01 0.0619
    1.6854E+00   9.57430E+00 0.0664
    1.6903E+00   9.57430E+00 0.0664
    1.6952E+00   1.11770E+01 0.0614
    1.7000E+00   1.38342E+01 0.0552
    1.7049E+00   1.17254E+01 0.0600
    1.7098E+00   1.02913E+01 0.0640
    1.7147E+00   9.36341E+00 0.0671
    1.7196E+00   1.10927E+01 0.0617
    1.7245E+00   1.47621E+01 0.0535
    1.7294E+00   1.21893E+01 0.0588
    1.7342E+00   1.01648E+01 0.0644
    1.7391E+00   1.15566E+01 0.0604
    1.7440E+00   1.02913E+01 0.0640
    1.7489E+00   1.13879E+01 0.0609
    1.7538E+00   9.32123E+00 0.0673
    1.7587E+00   1.13879E+01 0.0609
    1.7636E+00   1.08396E+01 0.0624
    1.7684E+00   8.68857E+00 0.0697
    1.7733E+00   1.53104E+01 0.0525
    1.7782E+00   1.11770E+01 0.0614
    1.7831E+00   1.03757E+01 0.0638
    1.7880E+00   9.36341E+00 0.0671
    1.7929E+00   1.01226E+01 0.0645
    1.7978E+00   9.91172E+00 0.0652
    1.8026E+00   9.65865E+00 0.0661
    1.8075E+00   9.86954E+00 0.0654
    1.8124E+00   3.01148E+01 0.0374
    1.8173E+00   9.65865E+00 0.0661
    1.8222E+00   9.70083E+00 0.0659
    1.8271E+00   9.19470E+00 0.0677
    1.8319E+00   1.02913E+01 0.0640
    1.8368E+00   9.82736E+00 0.0655
    1.8417E+00   8.30897E+00 0.0712
    1.8466E+00   1.04600E+01 0.0635
    1.8515E+00   1.07974E+01 0.0625
    1.8564E+00   1.28220E+01 0.0574
    1.8613E+00   9.78519E+00 0.0657
    1.8661E+00   9.74301E+00 0.0658
    1.8710E+00   9.95390E+00 0.0651
    1.8759E+00   1.02491E+01 0.0642
    1.8808E+00   9.06817E+00 0.0682
    1.8857E+00   1.06287E+01 0.0630
    1.8906E+00   9.36341E+00 0.0671
    1.8955E+00   1.01648E+01 0.0644
    1.9003E+00   1.01226E+01 0.0645
    1.9052E+00   9.15252E+00 0.0679
    1.9101E+00   9.15252E+00 0.0679
    1.9150E+00   9.61648E+00 0.0662
    1.9199E+00   9.23688E+00 0.0676
    1.9248E+00   8.43551E+00 0.0707
    1.9297E+00   9.48994E+00 0.0667
    1.9345E+00   9.86954E+00 0.0654
    1.9394E+00   8.51986E+00 0.0704
    1.9443E+00   9.91172E+00 0.0652
    1.9492E+00   8.77293E+00 0.0693
    1.9541E+00   1.02070E+01 0.0643
    1.9590E+00   8.73075E+00 0.0695
    1.9638E+00   9.06817E+00 0.0682
    1.9687E+00   9.86954E+00 0.0654
    1.9736E+00   8.01373E+00 0.0725
    1.9785E+00   7.97155E+00 0.0727
    1.9834E+00   1.11349E+01 0.0615
    1.9883E+00   8.64639E+00 0.0698
    1.9932E+00   7.80284E+00 0.0735
    1.9980E+00   8.39333E+00 0.0709
    2.0029E+00   9.11035E+00 0.0680
    2.0078E+00   7.97155E+00 0.0727
    2.0127E+00   9.32123E+00 0.0673
    2.0176E+00   9.61648E+00 0.0662
    2.0225E+00   8.81510E+00 0.0692
    2.0274E+00   8.30897E+00 0.0712
    2.0322E+00   8.43551E+00 0.0707
    2.0371E+00   9.27906E+00 0.0674
    2.0420E+00   7.67631E+00 0.0741
    2.0469E+00   8.77293E+00 0.0693
    2.0518E+00   8.05591E+00 0.0724
    2.0567E+00   7.63413E+00 0.0743
    2.0616E+00   7.97155E+00 0.0727
    2.0664E+00   8.56204E+00 0.0702
    2.0713E+00   7.46542E+00 0.0752
    2.0762E+00   8.01373E+00 0.0725
    2.0811E+00   8.09809E+00 0.0722
    2.0860E+00   8.73075E+00 0.0695
    2.0909E+00   8.47768E+00 0.0705
    2.0957E+00   9.11035E+00 0.0680
    2.1006E+00   8.43551E+00 0.0707
    2.1055E+00   7.84502E+00 0.0733
    2.1104E+00   8.14026E+00 0.0720
    2.1153E+00   1.96969E+01 0.0463
    2.1202E+00   7.54978E+00 0.0747
    2.1251E+00   8.77293E+00 0.0693
    2.1299E+00   7.54978E+00 0.0747
    2.1348E+00   8.09809E+00 0.0722
    2.1397E+00   6.79058E+00 0.0788
    2.1446E+00   7.97155E+00 0.0727
    2.1495E+00   8.68857E+00 0.0697
    2.1544E+00   8.01373E+00 0.0725
    2.1593E+00   8.43551E+00 0.0707
    2.1641E+00   7.12800E+00 0.0769
    2.1690E+00   8.43551E+00 0.0707
    2.1739E+00   8.35115E+00 0.0711
    2.1788E+00   8.35115E+00 0.0711
    2.1837E+00   7.67631E+00 0.0741
    2.1886E+00   8.01373E+00 0.0725
    2.1935E+00   7.38107E+00 0.0756
    2.1983E+00   8.01373E+00 0.0725
    2.2032E+00   7.04365E+00 0.0774
    2.2081E+00   6.74840E+00 0.0791
    2.2130E+00   2.45895E+01 0.0414
    2.2179E+00   7.46542E+00 0.0752
    2.2228E+00   8.01373E+00 0.0725
    2.2277E+00   7.76067E+00 0.0737
    2.2325E+00   8.43551E+00 0.0707
    2.2374E+00   8.05591E+00 0.0724
    2.2423E+00   7.25454E+00 0.0762
    2.2472E+00   9.48994E+00 0.0667
    2.2521E+00   8.51986E+00 0.0704
    2.2570E+00   7.25454E+00 0.0762
    2.2618E+00   7.46542E+00 0.0752
    2.2667E+00   7.12800E+00 0.0769
    2.2716E+00   7.80284E+00 0.0735
    2.2765E+00   1.32437E+01 0.0564
    2.2814E+00   7.38107E+00 0.0756
    2.2863E+00   7.92938E+00 0.0729
    2.2912E+00   8.01373E+00 0.0725
    2.2960E+00   7.80284E+00 0.0735
    2.3009E+00   8.30897E+00 0.0712
    2.3058E+00   8.26680E+00 0.0714
    2.3107E+00   6.83276E+00 0.0786
    2.3156E+00   7.25454E+00 0.0762
    2.3205E+00   7.04365E+00 0.0774
    2.3254E+00   7.42325E+00 0.0754
    2.3302E+00   7.67631E+00 0.0741
    2.3351E+00   7.33889E+00 0.0758
    2.3400E+00   7.76067E+00 0.0737
    2.3449E+00   6.95929E+00 0.0778
    2.3498E+00   7.38107E+00 0.0756
    2.3547E+00   6.79058E+00 0.0788
    2.3596E+00   6.45316E+00 0.0808
    2.3644E+00   6.79058E+00 0.0788
    2.3693E+00   5.98921E+00 0.0839
    2.3742E+00   7.42325E+00 0.0754
    2.3791E+00   6.20010E+00 0.0825
    2.3840E+00   7.08583E+00 0.0772
    2.3889E+00   7.38107E+00 0.0756
    2.3937E+00   6.57969E+00 0.0801
    2.3986E+00   7.50760E+00 0.0750
    2.4035E+00   7.17018E+00 0.0767
    2.4084E+00   6.87494E+00 0.0783
    2.4133E+00   6.79058E+00 0.0788
    2.4182E+00   7.50760E+00 0.0750
    2.4231E+00   6.70623E+00 0.0793
    2.4279E+00   6.87494E+00 0.0783
    2.4328E+00   8.64639E+00 0.0698
    2.4377E+00   6.70623E+00 0.0793
    2.4426E+00   6.66405E+00 0.0796
    2.4475E+00   7.33889E+00 0.0758
    2.4524E+00   6.87494E+00 0.0783
    2.4573E+00   6.95929E+00 0.0778
    2.4621E+00   7.12800E+00 0.0769
    2.4670E+00   7.46542E+00 0.0752
    2.4719E+00   8.43551E+00 0.0707
    2.4768E+00   6.57969E+00 0.0801
    2.4817E+00   6.36881E+00 0.0814
    2.4866E+00   6.20010E+00 0.0825
    2.4915E+00   6.53752E+00 0.0803
    2.4963E+00   8.35115E+00 0.0711
    2.5012E+00   6.87494E+00 0.0783
    2.5061E+00   8.18244E+00 0.0718
    2.5110E+00   7.21236E+00 0.0765
    2.5159E+00   7.21236E+00 0.0765
    2.5208E+00   6.62187E+00 0.0798
    2.5256E+00   1.06287E+01 0.0630
    2.5305E+00   7.17018E+00 0.0767
    2.5354E+00   7.17018E+00 0.0767
    2.5403E+00   6.70623E+00 0.0793
    2.5452E+00   6.49534E+00 0.0806
    2.5501E+00   6.41098E+00 0.0811
    2.5550E+00   6.74840E+00 0.0791
    2.5598E+00   6.36881E+00 0.0814
    2.5647E+00   6.07356E+00 0.0833
    2.5696E+00   6.57969E+00 0.0801
    2.5745E+00   5.31437E+00 0.0891
    2.5794E+00   6.11574E+00 0.0830
    2.5843E+00   6.91711E+00 0.0781
    2.5892E+00   5.65179E+00 0.0864
    2.5940E+00   6.07356E+00 0.0833
    2.5989E+00   1.10505E+01 0.0618
    2.6038E+00   8.01373E+00 0.0725
    2.6087E+00   6.45316E+00 0.0808
    2.6136E+00   6.24227E+00 0.0822
    2.6185E+00   5.73614E+00 0.0857
    2.6234E+00   5.44090E+00 0.0880
    2.6282E+00   5.82050E+00 0.0851
    2.6331E+00   6.15792E+00 0.0828
    2.6380E+00   5.69397E+00 0.0861
    2.6429E+00   5.52526E+00 0.0874
    2.6478E+00   5.44090E+00 0.0880
    2.6527E+00   6.03139E+00 0.0836
    2.6575E+00   5.56743E+00 0.0870
    2.6624E+00   5.94703E+00 0.0842
    2.6673E+00   6.79058E+00 0.0788
    2.6722E+00   5.31437E+00 0.0891
    2.6771E+00   6.28445E+00 0.0819
    2.6820E+00   5.86268E+00 0.0848
    2.6869E+00   5.52526E+00 0.0874
    2.6917E+00   7.17018E+00 0.0767
    2.6966E+00   6.49534E+00 0.0806
    2.7015E+00   5.35655E+00 0.0887
    2.7064E+00   7.00147E+00 0.0776
    2.7113E+00   5.60961E+00 0.0867
    2.7162E+00   6.62187E+00 0.0798
    2.7211E+00   6.15792E+00 0.0828
    2.7259E+00   6.11574E+00 0.0830
    2.7308E+00   5.35655E+00 0.0887
    2.7357E+00   7.12800E+00 0.0769
    2.7406E+00   6.15792E+00 0.0828
    2.7455E+00   5.18784E+00 0.0902
    2.7504E+00   5.90485E+00 0.0845
    2.7553E+00   9.53212E+00 0.0665
    2.7601E+00   6.28445E+00 0.0819
    2.7650E+00   6.66405E+00 0.0796
    2.7699E+00   6.24227E+00 0.0822
    2.7748E+00   5.77832E+00 0.0854
    2.7797E+00   6.53752E+00 0.0803
    2.7846E+00   5.01913E+00 0.0917
    2.7894E+00   5.65179E+00 0.0864
    2.7943E+00   6.57969E+00 0.0801
    2.7992E+00   4.85042E+00 0.0933
    2.8041E+00   5.73614E+00 0.0857
    2.8090E+00   5.39872E+00 0.0884
    2.8139E+00   5.69397E+00 0.0861
    2.8188E+00   5.48308E+00 0.0877
    2.8236E+00   5.82050E+00 0.0851
    2.8285E+00   5.27219E+00 0.0894
    2.8334E+00   5.44090E+00 0.0880
    2.8383E+00   6.07356E+00 0.0833
    2.8432E+00   6.20010E+00 0.0825
    2.8481E+00   5.10348E+00 0.0909
    2.8530E+00   5.10348E+00 0.0909
    2.8578E+00   5.06130E+00 0.0913
    2.8627E+00   5.86268E+00 0.0848
    2.8676E+00   5.56743E+00 0.0870
    2.8725E+00   4.80824E+00 0.0937
    2.8774E+00   5.77832E+00 0.0854
    2.8823E+00   5.69397E+00 0.0861
    2.8872E+00   5.65179E+00 0.0864
    2.8920E+00   5.65179E+00 0.0864
    2.8969E+00   4.97695E+00 0.0921
    2.9018E+00   5.31437E+00 0.0891
    2.9067E+00   5.35655E+00 0.0887
    2.9116E+00   4.76606E+00 0.0941
    2.9165E+00   5.18784E+00 0.0902
    2.9213E+00   4.38646E+00 0.0981
    2.9262E+00   5.98921E+00 0.0839
    2.9311E+00   5.10348E+00 0.0909
    2.9360E+00   4.89259E+00 0.0928
    2.9409E+00   5.90485E+00 0.0845
    2.9458E+00   4.55517E+00 0.0962
    2.9507E+00   4.13340E+00 0.1010
    2.9555E+00   5.44090E+00 0.0880
    2.9604E+00   4.59735E+00 0.0958
    2.9653E+00   5.01913E+00 0.0917
    2.9702E+00   4.80824E+00 0.0937
    2.9751E+00   5.82050E+00 0.0851
    2.9800E+00   5.52526E+00 0.0874
    2.9849E+00   8.18244E+00 0.0718
    2.9897E+00   6.24227E+00 0.0822
    2.9946E+00   4.63953E+00 0.0953
    2.9995E+00   5.10348E+00 0.0909
    3.0044E+00   1.13036E+01 0.0611
    3.0093E+00   5.35655E+00 0.0887
    3.0142E+00   5.23001E+00 0.0898
    3.0191E+00   5.48308E+00 0.0877
    3.0239E+00   5.06130E+00 0.0913
    3.0288E+00   4.80824E+00 0.0937
    3.0337E+00   4.63953E+00 0.0953
    3.0386E+00   6.57969E+00 0.0801
    3.0435E+00   5.60961E+00 0.0867
    3.0484E+00   6.45316E+00 0.0808
    3.0532E+00   6.03139E+00 0.0836
    3.0581E+00   5.06130E+00 0.0913
    3.0630E+00   5.06130E+00 0.0913
    3.0679E+00   4.80824E+00 0.0937
    3.0728E+00   4.17558E+00 0.1005
    3.0777E+00   5.56743E+00 0.0870
    3.0826E+00   4.25993E+00 0.0995
    3.0874E+00   4.30211E+00 0.0990
    3.0923E+00   4.72388E+00 0.0945
    3.0972E+00   5.48308E+00 0.0877
    3.1021E+00   5.65179E+00 0.0864
    3.1070E+00   4.17558E+00 0.1005
    3.1119E+00   4.72388E+00 0.0945
    3.1168E+00   5.35655E+00 0.0887
    3.1216E+00   4.59735E+00 0.0958
    3.1265E+00   4.47082E+00 0.0971
    3.1314E+00   4.30211E+00 0.0990
    3.1363E+00   4.63953E+00 0.0953
    3.1412E+00   5.10348E+00 0.0909
    3.1461E+00   4.89259E+00 0.0928
    3.1510E+00   4.34429E+00 0.0985
    3.1558E+00   6.15792E+00 0.0828
    3.1607E+00   3.79598E+00 0.1054
    3.1656E+00   5.10348E+00 0.0909
    3.1705E+00   4.93477E+00 0.0925
    3.1754E+00   4.30211E+00 0.0990
    3.1803E+00   4.38646E+00 0.0981
    3.1851E+00   4.72388E+00 0.0945
    3.1900E+00   4.30211E+00 0.0990
    3.1949E+00   4.97695E+00 0.0921
    3.1998E+00   4.47082E+00 0.0971
    3.2047E+00   5.98921E+00 0.0839
    3.2096E+00   4.93477E+00 0.0925
    3.2145E+00   4.42864E+00 0.0976
    3.2193E+00   4.51300E+00 0.0967
    3.2242E+00   4.97695E+00 0.0921
    3.2291E+00   4.85042E+00 0.0933
    3.2340E+00   4.42864E+00 0.0976
    3.2389E+00   4.93477E+00 0.0925
    3.2438E+00   3.79598E+00 0.1054
    3.2487E+00   4.04904E+00 0.1021
    3.2535E+00   6.15792E+00 0.0828
    3.2584E+00   4.09122E+00 0.1015
    3.2633E+00   4.04904E+00 0.1021
    3.2682E+00   4.38646E+00 0.0981
    3.2731E+00   4.04904E+00 0.1021
    3.2780E+00   3.96469E+00 0.1031
    3.2829E+00   5.18784E+00 0.0902
    3.2877E+00   4.34429E+00 0.0985
    3.2926E+00   4.80824E+00 0.0937
    3.2975E+00   4.34429E+00 0.0985
    3.3024E+00   5.23001E+00 0.0898
    3.3073E+00   4.47082E+00 0.0971
    3.3122E+00   3.45856E+00 0.1104
    3.3170E+00   3.83816E+00 0.1048
    3.3219E+00   3.62727E+00 0.1078
    3.3268E+00   4.00687E+00 0.1026
    3.3317E+00   4.30211E+00 0.0990
    3.3366E+00   3.16331E+00 0.1155
    3.3415E+00   3.62727E+00 0.1078
    3.3464E+00   3.88033E+00 0.1043
    3.3512E+00   4.76606E+00 0.0941
    3.3561E+00   4.51300E+00 0.0967
    3.3610E+00   4.25993E+00 0.0995
    3.3659E+00   4.51300E+00 0.0967
    3.3708E+00   4.72388E+00 0.0945
    3.3757E+00   3.50073E+00 0.1098
    3.3806E+00   3.50073E+00 0.1098
    3.3854E+00   4.21775E+00 0.1000
    3.3903E+00   4.68171E+00 0.0949
    3.3952E+00   4.00687E+00 0.1026
    3.4001E+00   3.75380E+00 0.1060
    3.4050E+00   4.00687E+00 0.1026
    3.4099E+00   4.63953E+00 0.0953
    3.4148E+00   3.50073E+00 0.1098
    3.4196E+00   4.89259E+00 0.0928
    3.4245E+00   3.83816E+00 0.1048
    3.4294E+00   3.71162E+00 0.1066
    3.4343E+00   4.68171E+00 0.0949
    3.4392E+00   3.66945E+00 0.1072
    3.4441E+00   4.42864E+00 0.0976
    3.4489E+00   3.62727E+00 0.1078
    3.4538E+00   5.56743E+00 0.0870
    3.4587E+00   4.47082E+00 0.0971
    3.4636E+00   3.50073E+00 0.1098
    3.4685E+00   3.83816E+00 0.1048
    3.4734E+00   4.34429E+00 0.0985
    3.4783E+00   3.92251E+00 0.1037
    3.4831E+00   3.66945E+00 0.1072
    3.4880E+00   3.83816E+00 0.1048
    3.4929E+00   4.42864E+00 0.0976
    3.4978E+00   4.00687E+00 0.1026
    3.5027E+00   3.37420E+00 0.1118
    3.5076E+00   3.79598E+00 0.1054
    3.5125E+00   4.38646E+00 0.0981
    3.5173E+00   3.45856E+00 0.1104
    3.5222E+00   3.20549E+00 0.1147
    3.5271E+00   3.54291E+00 0.1091
    3.5320E+00   3.45856E+00 0.1104
    3.5369E+00   3.54291E+00 0.1091
    3.5418E+00   4.72388E+00 0.0945
    3.5467E+00   4.59735E+00 0.0958
    3.5515E+00   5.06130E+00 0.0913
    3.5564E+00   5.82050E+00 0.0851
    3.5613E+00   3.58509E+00 0.1085
    3.5662E+00   3.45856E+00 0.1104
    3.5711E+00   3.41638E+00 0.1111
    3.5760E+00   3.58509E+00 0.1085
    3.5809E+00   3.20549E+00 0.1147
    3.5857E+00   3.75380E+00 0.1060
    3.5906E+00   3.41638E+00 0.1111
    3.5955E+00   2.69936E+00 0.1250
    3.6004E+00   3.20549E+00 0.1147
    3.6053E+00   3.50073E+00 0.1098
    3.6102E+00   5.60961E+00 0.0867
    3.6150E+00   3.92251E+00 0.1037
    3.6199E+00   2.99460E+00 0.1187
    3.6248E+00   3.12114E+00 0.1162
    3.6297E+00   3.62727E+00 0.1078
    3.6346E+00   2.86807E+00 0.1213
    3.6395E+00   3.20549E+00 0.1147
    3.6444E+00   3.79598E+00 0.1054
    3.6492E+00   3.12114E+00 0.1162
    3.6541E+00   3.24767E+00 0.1140
    3.6590E+00   4.04904E+00 0.1021
    3.6639E+00   5.31437E+00 0.0891
    3.6688E+00   3.24767E+00 0.1140
    3.6737E+00   3.66945E+00 0.1072
    3.6786E+00   3.16331E+00 0.1155
    3.6834E+00   3.66945E+00 0.1072
    3.6883E+00   2.61501E+00 0.1270
    3.6932E+00   3.96469E+00 0.1031
    3.6981E+00   3.71162E+00 0.1066
    3.7030E+00   3.62727E+00 0.1078
    3.7079E+00   3.66945E+00 0.1072
    3.7128E+00   3.33202E+00 0.1125
    3.7176E+00   3.71162E+00 0.1066
    3.7225E+00   3.58509E+00 0.1085
    3.7274E+00   3.12114E+00 0.1162
    3.7323E+00   3.12114E+00 0.1162
    3.7372E+00   3.41638E+00 0.1111
    3.7421E+00   3.54291E+00 0.1091
    3.7469E+00   3.58509E+00 0.1085
    3.7518E+00   3.12114E+00 0.1162
    3.7567E+00   3.07896E+00 0.1170
    3.7616E+00   3.12114E+00 0.1162
    3.7665E+00   3.75380E+00 0.1060
    3.7714E+00   3.07896E+00 0.1170
    3.7763E+00   3.58509E+00 0.1085
    3.7811E+00   3.20549E+00 0.1147
    3.7860E+00   3.41638E+00 0.1111
    3.7909E+00   3.45856E+00 0.1104
    3.7958E+00   3.37420E+00 0.1118
    3.8007E+00   3.83816E+00 0.1048
    3.8056E+00   3.50073E+00 0.1098
    3.8105E+00   3.24767E+00 0.1140
    3.8153E+00   4.38646E+00 0.0981
    3.8202E+00   3.50073E+00 0.1098
    3.8251E+00   3.12114E+00 0.1162
    3.8300E+00   3.20549E+00 0.1147
    3.8349E+00   3.92251E+00 0.1037
    3.8398E+00   2.91025E+00 0.1204
    3.8447E+00   3.33202E+00 0.1125
    3.8495E+00   4.21775E+00 0.1000
    3.8544E+00   3.37420E+00 0.1118
    3.8593E+00   2.99460E+00 0.1187
    3.8642E+00   2.78372E+00 0.1231
    3.8691E+00   2.99460E+00 0.1187
    3.8740E+00   2.74154E+00 0.1240
    3.8788E+00   2.86807E+00 0.1213
    3.8837E+00   3.75380E+00 0.1060
    3.8886E+00   2.91025E+00 0.1204
    3.8935E+00   3.07896E+00 0.1170
    3.8984E+00   2.95243E+00 0.1195
    3.9033E+00   3.92251E+00 0.1037
    3.9082E+00   2.65718E+00 0.1260
    3.9130E+00   3.88033E+00 0.1043
    3.9179E+00   2.91025E+00 0.1204
    3.9228E+00   3.07896E+00 0.1170
    3.9277E+00   2.95243E+00 0.1195
    3.9326E+00   2.99460E+00 0.1187
    3.9375E+00   2.82589E+00 0.1222
    3.9424E+00   2.65718E+00 0.1260
    3.9472E+00   2.95243E+00 0.1195
    3.9521E+00   3.03678E+00 0.1179
    3.9570E+00   3.83816E+00 0.1048
    3.9619E+00   3.07896E+00 0.1170
    3.9668E+00   2.82589E+00 0.1222
    3.9717E+00   3.28985E+00 0.1132
    3.9766E+00   2.78372E+00 0.1231
    3.9814E+00   2.31976E+00 0.1348
    3.9863E+00   2.82589E+00 0.1222
    3.9912E+00   3.03678E+00 0.1179
    3.9961E+00   2.82589E+00 0.1222
    4.0010E+00   2.99460E+00 0.1187
    4.0059E+00   2.78372E+00 0.1231
    4.0107E+00   3.07896E+00 0.1170
    4.0156E+00   3.75380E+00 0.1060
    4.0205E+00   3.12114E+00 0.1162
    4.0254E+00   2.65718E+00 0.1260
    4.0303E+00   2.78372E+00 0.1231
    4.0352E+00   2.53065E+00 0.1291
    4.0401E+00   3.20549E+00 0.1147
    4.0449E+00   2.65718E+00 0.1260
    4.0498E+00   2.36194E+00 0.1336
    4.0547E+00   2.36194E+00 0.1336
    4.0596E+00   2.57283E+00 0.1280
    4.0645E+00   2.95243E+00 0.1195
    4.0694E+00   2.74154E+00 0.1240
    4.0743E+00   2.36194E+00 0.1336
    4.0791E+00   3.50073E+00 0.1098
    4.0840E+00   2.74154E+00 0.1240
    4.0889E+00   2.69936E+00 0.1250
    4.0938E+00   3.88033E+00 0.1043
    4.0987E+00   2.78372E+00 0.1231
    4.1036E+00   2.31976E+00 0.1348
    4.1085E+00   2.82589E+00 0.1222
    4.1133E+00   2.95243E+00 0.1195
    4.1182E+00   3.33202E+00 0.1125
    4.1231E+00   5.35655E+00 0.0887
    4.1280E+00   2.44630E+00 0.1313
    4.1329E+00   3.20549E+00 0.1147
    4.1378E+00   2.65718E+00 0.1260
    4.1426E+00   3.33202E+00 0.1125
    4.1475E+00   2.57283E+00 0.1280
    4.1524E+00   2.74154E+00 0.1240
    4.1573E+00   3.16331E+00 0.1155
    4.1622E+00   2.48847E+00 0.1302
    4.1671E+00   2.57283E+00 0.1280
    4.1720E+00   2.57283E+00 0.1280
    4.1768E+00   3.12114E+00 0.1162
    4.1817E+00   3.16331E+00 0.1155
    4.1866E+00   2.69936E+00 0.1250
    4.1915E+00   2.65718E+00 0.1260
    4.1964E+00   2.95243E+00 0.1195
    4.2013E+00   2.53065E+00 0.1291
    4.2062E+00   3.16331E+00 0.1155
    4.2110E+00   2.95243E+00 0.1195
    4.2159E+00   2.31976E+00 0.1348
    4.2208E+00   2.78372E+00 0.1231
    4.2257E+00   2.61501E+00 0.1270
    4.2306E+00   2.23541E+00 0.1374
    4.2355E+00   2.91025E+00 0.1204
    4.2404E+00   2.31976E+00 0.1348
    4.2452E+00   2.27759E+00 0.1361
    4.2501E+00   2.61501E+00 0.1270
    4.2550E+00   3.12114E+00 0.1162
    4.2599E+00   2.53065E+00 0.1291
    4.2648E+00   2.19323E+00 0.1387
    4.2697E+00   2.40412E+00 0.1325
    4.2745E+00   2.74154E+00 0.1240
    4.2794E+00   2.19323E+00 0.1387
    4.2843E+00   2.86807E+00 0.1213
    4.2892E+00   3.20549E+00 0.1147
    4.2941E+00   2.19323E+00 0.1387
    4.2990E+00   2.40412E+00 0.1325
    4.3039E+00   3.03678E+00 0.1179
    4.3087E+00   2.23541E+00 0.1374
    4.3136E+00   2.57283E+00 0.1280
    4.3185E+00   2.57283E+00 0.1280
    4.3234E+00   2.31976E+00 0.1348
    4.3283E+00   2.44630E+00 0.1313
    4.3332E+00   2.02452E+00 0.1443
    4.3381E+00   2.10888E+00 0.1414
    4.3429E+00   2.61501E+00 0.1270
    4.3478E+00   2.78372E+00 0.1231
    4.3527E+00   2.65718E+00 0.1260
    4.3576E+00   2.44630E+00 0.1313
    4.3625E+00   2.31976E+00 0.1348
    4.3674E+00   1.89799E+00 0.1491
    4.3723E+00   2.19323E+00 0.1387
    4.3771E+00   2.82589E+00 0.1222
    4.3820E+00   2.40412E+00 0.1325
    4.3869E+00   2.86807E+00 0.1213
    4.3918E+00   2.95243E+00 0.1195
    4.3967E+00   2.23541E+00 0.1374
    4.4016E+00   2.57283E+00 0.1280
    4.4064E+00   2.57283E+00 0.1280
    4.4113E+00   2.78372E+00 0.1231
    4.4162E+00   2.74154E+00 0.1240
    4.4211E+00   1.98234E+00 0.1459
    4.4260E+00   2.57283E+00 0.1280
    4.4309E+00   2.69936E+00 0.1250
    4.4358E+00   2.15105E+00 0.1400
    4.4406E+00   2.27759E+00 0.1361
    4.4455E+00   2.27759E+00 0.1361
    4.4504E+00   2.61501E+00 0.1270
    4.4553E+00   2.36194E+00 0.1336
    4.4602E+00   3.03678E+00 0.1179
    4.4651E+00   2.78372E+00 0.1231
    4.4700E+00   2.40412E+00 0.1325
    4.4748E+00   1.98234E+00 0.1459
    4.4797E+00   2.36194E+00 0.1336
    4.4846E+00   2.53065E+00 0.1291
    4.4895E+00   2.23541E+00 0.1374
    4.4944E+00   2.27759E+00 0.1361
    4.4993E+00   2.74154E+00 0.1240
    4.5042E+00   2.65718E+00 0.1260
    4.5090E+00   2.23541E+00 0.1374
    4.5139E+00   2.74154E+00 0.1240
    4.5188E+00   2.44630E+00 0.1313
    4.5237E+00   2.53065E+00 0.1291
    4.5286E+00   2.57283E+00 0.1280
    4.5335E+00   2.10888E+00 0.1414
    4.5383E+00   2.53065E+00 0.1291
    4.5432E+00   2.44630E+00 0.1313
    4.5481E+00   2.65718E+00 0.1260
    4.5530E+00   1.98234E+00 0.1459
    4.5579E+00   2.36194E+00 0.1336
    4.5628E+00   3.33202E+00 0.1125
    4.5677E+00   2.78372E+00 0.1231
    4.5725E+00   2.36194E+00 0.1336
    4.5774E+00   2.15105E+00 0.1400
    4.5823E+00   2.91025E+00 0.1204
    4.5872E+00   2.31976E+00 0.1348
    4.5921E+00   2.06670E+00 0.1429
    4.5970E+00   1.94017E+00 0.1474
    4.6019E+00   2.40412E+00 0.1325
    4.6067E+00   2.27759E+00 0.1361
    4.6116E+00   1.77146E+00 0.1543
    4.6165E+00   2.44630E+00 0.1313
    4.6214E+00   2.06670E+00 0.1429
    4.6263E+00   2.23541E+00 0.1374
    4.6312E+00   2.31976E+00 0.1348
    4.6361E+00   2.15105E+00 0.1400
    4.6409E+00   2.48847E+00 0.1302
    4.6458E+00   2.48847E+00 0.1302
    4.6507E+00   2.15105E+00 0.1400
    4.6556E+00   1.77146E+00 0.1543
    4.6605E+00   2.40412E+00 0.1325
    4.6654E+00   2.61501E+00 0.1270
    4.6702E+00   2.57283E+00 0.1280
    4.6751E+00   2.31976E+00 0.1348
    4.6800E+00   2.44630E+00 0.1313
    4.6849E+00   2.06670E+00 0.1429
    4.6898E+00   2.15105E+00 0.1400
    4.6947E+00   1.98234E+00 0.1459
    4.6996E+00   2.19323E+00 0.1387
    4.7044E+00   1.85581E+00 0.1508
    4.7093E+00   2.31976E+00 0.1348
    4.7142E+00   2.27759E+00 0.1361
    4.7191E+00   1.77146E+00 0.1543
    4.7240E+00   2.61501E+00 0.1270
    4.7289E+00   2.15105E+00 0.1400
    4.7338E+00   2.36194E+00 0.1336
    4.7386E+00   2.19323E+00 0.1387
    4.7435E+00   1.98234E+00 0.1459
    4.7484E+00   1.34968E+00 0.1768
    4.7533E+00   2.31976E+00 0.1348
    4.7582E+00   2.53065E+00 0.1291
    4.7631E+00   1.64492E+00 0.1601
    4.7680E+00   1.51839E+00 0.1667
    4.7728E+00   2.10888E+00 0.1414
    4.7777E+00   2.27759E+00 0.1361
    4.7826E+00   2.23541E+00 0.1374
    4.7875E+00   1.94017E+00 0.1474
    4.7924E+00   1.81363E+00 0.1525
    4.7973E+00   1.94017E+00 0.1474
    4.8021E+00   2.15105E+00 0.1400
    4.8070E+00   2.06670E+00 0.1429
    4.8119E+00   2.23541E+00 0.1374
    4.8168E+00   2.27759E+00 0.1361
    4.8217E+00   1.89799E+00 0.1491
    4.8266E+00   1.89799E+00 0.1491
    4.8315E+00   2.10888E+00 0.1414
    4.8363E+00   1.68710E+00 0.1581
    4.8412E+00   1.72928E+00 0.1562
    4.8461E+00   2.15105E+00 0.1400
    4.8510E+00   2.15105E+00 0.1400
    4.8559E+00   2.06670E+00 0.1429
    4.8608E+00   2.27759E+00 0.1361
    4.8657E+00   1.81363E+00 0.1525
    4.8705E+00   2.53065E+00 0.1291
    4.8754E+00   2.15105E+00 0.1400
    4.8803E+00   1.98234E+00 0.1459
    4.8852E+00   1.77146E+00 0.1543
    4.8901E+00   2.23541E+00 0.1374
    4.8950E+00   2.19323E+00 0.1387
    4.8999E+00   1.39186E+00 0.1741
    4.9047E+00   2.23541E+00 0.1374
    4.9096E+00   1.77146E+00 0.1543
    4.9145E+00   2.23541E+00 0.1374
    4.9194E+00   1.94017E+00 0.1474
    4.9243E+00   2.10888E+00 0.1414
    4.9292E+00   2.95243E+00 0.1195
    4.9340E+00   2.36194E+00 0.1336
    4.9389E+00   2.02452E+00 0.1443
    4.9438E+00   1.94017E+00 0.1474
    4.9487E+00   1.85581E+00 0.1508
    4.9536E+00   1.98234E+00 0.1459
    4.9585E+00   2.31976E+00 0.1348
    4.9634E+00   1.98234E+00 0.1459
    4.9682E+00   1.94017E+00 0.1474
    4.9731E+00   1.94017E+00 0.1474
    4.9780E+00   2.78372E+00 0.1231
    4.9829E+00   2.10888E+00 0.1414
    4.9878E+00   1.81363E+00 0.1525
    4.9927E+00   1.89799E+00 0.1491
    4.9976E+00   1.60275E+00 0.1622
    5.0024E+00   1.85581E+00 0.1508
    5.0073E+00   2.53065E+00 0.1291
    5.0122E+00   2.27759E+00 0.1361
    5.0171E+00   1.85581E+00 0.1508
    5.0220E+00   2.27759E+00 0.1361
    5.0269E+00   1.72928E+00 0.1562
    5.0318E+00   1.81363E+00 0.1525
    5.0366E+00   2.44630E+00 0.1313
    5.0415E+00   2.36194E+00 0.1336
    5.0464E+00   1.56057E+00 0.1644
    5.0513E+00   1.77146E+00 0.1543
    5.0562E+00   1.89799E+00 0.1491
    5.0611E+00   1.85581E+00 0.1508
    5.0660E+00   1.77146E+00 0.1543
    5.0708E+00   1.94017E+00 0.1474
    5.0757E+00   1.68710E+00 0.1581
    5.0806E+00   2.15105E+00 0.1400
    5.0855E+00   2.06670E+00 0.1429
    5.0904E+00   1.60275E+00 0.1622
    5.0953E+00   1.60275E+00 0.1622
    5.1001E+00   2.31976E+00 0.1348
    5.1050E+00   1.85581E+00 0.1508
    5.1099E+00   1.68710E+00 0.1581
    5.1148E+00   2.10888E+00 0.1414
    5.1197E+00   1.68710E+00 0.1581
    5.1246E+00   1.89799E+00 0.1491
    5.1295E+00   1.89799E+00 0.1491
    5.1343E+00   1.85581E+00 0.1508
    5.1392E+00   1.51839E+00 0.1667
    5.1441E+00   1.51839E+00 0.1667
    5.1490E+00   2.02452E+00 0.1443
    5.1539E+00   1.94017E+00 0.1474
    5.1588E+00   1.89799E+00 0.1491
    5.1637E+00   2.02452E+00 0.1443
    5.1685E+00   2.31976E+00 0.1348
    5.1734E+00   2.06670E+00 0.1429
    5.1783E+00   2.19323E+00 0.1387
    5.1832E+00   1.94017E+00 0.1474
    5.1881E+00   1.56057E+00 0.1644
    5.1930E+00   2.02452E+00 0.1443
    5.1979E+00   1.43404E+00 0.1715
    5.2027E+00   1.30750E+00 0.1796
    5.2076E+00   1.81363E+00 0.1525
    5.2125E+00   1.43404E+00 0.1715
    5.2174E+00   1.60275E+00 0.1622
    5.2223E+00   1.98234E+00 0.1459
    5.2272E+00   1.47621E+00 0.1690
    5.2320E+00   1.60275E+00 0.1622
    5.2369E+00   2.06670E+00 0.1429
    5.2418E+00   1.72928E+00 0.1562
    5.2467E+00   1.34968E+00 0.1768
    5.2516E+00   1.56057E+00 0.1644
    5.2565E+00   1.77146E+00 0.1543
    5.2614E+00   1.85581E+00 0.1508
    5.2662E+00   1.64492E+00 0.1601
    5.2711E+00   2.23541E+00 0.1374
    5.2760E+00   1.81363E+00 0.1525
    5.2809E+00   2.10888E+00 0.1414
    5.2858E+00   1.85581E+00 0.1508
    5.2907E+00   1.85581E+00 0.1508
    5.2956E+00   1.85581E+00 0.1508
    5.3004E+00   2.36194E+00 0.1336
    5.3053E+00   1.64492E+00 0.1601
    5.3102E+00   1.64492E+00 0.1601
    5.3151E+00   1.43404E+00 0.1715
    5.3200E+00   2.27759E+00 0.1361
    5.3249E+00   1.68710E+00 0.1581
    5.3298E+00   1.72928E+00 0.1562
    5.3346E+00   2.02452E+00 0.1443
    5.3395E+00   1.68710E+00 0.1581
    5.3444E+00   1.81363E+00 0.1525
    5.3493E+00   1.34968E+00 0.1768
    5.3542E+00   2.02452E+00 0.1443
    5.3591E+00   1.94017E+00 0.1474
    5.3639E+00   1.60275E+00 0.1622
    5.3688E+00   1.64492E+00 0.1601
    5.3737E+00   1.64492E+00 0.1601
    5.3786E+00   1.85581E+00 0.1508
    5.3835E+00   1.72928E+00 0.1562
    5.3884E+00   1.64492E+00 0.1601
    5.3933E+00   1.85581E+00 0.1508
    5.3981E+00   1.51839E+00 0.1667
    5.4030E+00   1.18097E+00 0.1890
    5.4079E+00   1.94017E+00 0.1474
    5.4128E+00   1.77146E+00 0.1543
    5.4177E+00   1.81363E+00 0.1525
    5.4226E+00   1.81363E+00 0.1525
    5.4275E+00   1.77146E+00 0.1543
    5.4323E+00   1.56057E+00 0.1644
    5.4372E+00   1.47621E+00 0.1690
    5.4421E+00   1.77146E+00 0.1543
    5.4470E+00   1.47621E+00 0.1690
    5.4519E+00   1.56057E+00 0.1644
    5.4568E+00   1.30750E+00 0.1796
    5.4617E+00   1.89799E+00 0.1491
    5.4665E+00   1.94017E+00 0.1474
    5.4714E+00   1.81363E+00 0.1525
    5.4763E+00   1.34968E+00 0.1768
    5.4812E+00   1.56057E+00 0.1644
    5.4861E+00   1.64492E+00 0.1601
    5.4910E+00   1.89799E+00 0.1491
    5.4958E+00   1.64492E+00 0.1601
    5.5007E+00   1.81363E+00 0.1525
    5.5056E+00   1.68710E+00 0.1581
    5.5105E+00   1.60275E+00 0.1622
    5.5154E+00   1.47621E+00 0.1690
    5.5203E+00   1.30750E+00 0.1796
    5.5252E+00   1.77146E+00 0.1543
    5.5300E+00   1.64492E+00 0.1601
    5.5349E+00   1.77146E+00 0.1543
    5.5398E+00   1.85581E+00 0.1508
    5.5447E+00   1.47621E+00 0.1690
    5.5496E+00   1.51839E+00 0.1667
    5.5545E+00   2.19323E+00 0.1387
    5.5594E+00   1.64492E+00 0.1601
    5.5642E+00   1.60275E+00 0.1622
    5.5691E+00   1.51839E+00 0.1667
    5.5740E+00   1.68710E+00 0.1581
    5.5789E+00   1.22315E+00 0.1857
    5.5838E+00   1.51839E+00 0.1667
    5.5887E+00   1.47621E+00 0.1690
    5.5936E+00   1.77146E+00 0.1543
    5.5984E+00   1.43404E+00 0.1715
    5.6033E+00   1.64492E+00 0.1601
    5.6082E+00   1.85581E+00 0.1508
    5.6131E+00   1.77146E+00 0.1543
    5.6180E+00   2.06670E+00 0.1429
    5.6229E+00   1.43404E+00 0.1715
    5.6277E+00   9.27906E-01 0.2132
    5.6326E+00   1.51839E+00 0.1667
    5.6375E+00   1.94017E+00 0.1474
    5.6424E+00   1.98234E+00 0.1459
    5.6473E+00   1.09662E+00 0.1961
    5.6522E+00   1.39186E+00 0.1741
    5.6571E+00   1.89799E+00 0.1491
    5.6619E+00   1.30750E+00 0.1796
    5.6668E+00   1.30750E+00 0.1796
    5.6717E+00   1.64492E+00 0.1601
    5.6766E+00   1.72928E+00 0.1562
    5.6815E+00   1.39186E+00 0.1741
    5.6864E+00   1.22315E+00 0.1857
    5.6913E+00   1.60275E+00 0.1622
    5.6961E+00   1.34968E+00 0.1768
    5.7010E+00   1.94017E+00 0.1474
    5.7059E+00   1.43404E+00 0.1715
    5.7108E+00   1.39186E+00 0.1741
    5.7157E+00   1.13879E+00 0.1925
    5.7206E+00   1.34968E+00 0.1768
    5.7255E+00   1.26533E+00 0.1826
    5.7303E+00   1.22315E+00 0.1857
    5.7352E+00   1.89799E+00 0.1491
    5.7401E+00   1.34968E+00 0.1768
    5.7450E+00   1.13879E+00 0.1925
    5.7499E+00   1.26533E+00 0.1826
    5.7548E+00   1.72928E+00 0.1562
    5.7596E+00   1.51839E+00 0.1667
    5.7645E+00   1.56057E+00 0.1644
    5.7694E+00   1.56057E+00 0.1644
    5.7743E+00   1.47621E+00 0.1690
    5.7792E+00   1.22315E+00 0.1857
    5.7841E+00   1.22315E+00 0.1857
    5.7890E+00   1.09662E+00 0.1961
    5.7938E+00   1.47621E+00 0.1690
    5.7987E+00   1.22315E+00 0.1857
    5.8036E+00   1.22315E+00 0.1857
    5.8085E+00   1.51839E+00 0.1667
    5.8134E+00   1.22315E+00 0.1857
    5.8183E+00   1.34968E+00 0.1768
    5.8232E+00   1.09662E+00 0.1961
    5.8280E+00   1.60275E+00 0.1622
    5.8329E+00   1.64492E+00 0.1601
    5.8378E+00   1.22315E+00 0.1857
    5.8427E+00   1.26533E+00 0.1826
    5.8476E+00   1.26533E+00 0.1826
    5.8525E+00   1.43404E+00 0.1715
    5.8574E+00   1.13879E+00 0.1925
    5.8622E+00   1.30750E+00 0.1796
    5.8671E+00   1.26533E+00 0.1826
    5.8720E+00   1.18097E+00 0.1890
    5.8769E+00   1.18097E+00 0.1890
    5.8818E+00   1.43404E+00 0.1715
    5.8867E+00   1.47621E+00 0.1690
    5.8915E+00   1.56057E+00 0.1644
    5.8964E+00   1.09662E+00 0.1961
    5.9013E+00   1.47621E+00 0.1690
    5.9062E+00   1.22315E+00 0.1857
    5.9111E+00   1.22315E+00 0.1857
    5.9160E+00   1.47621E+00 0.1690
    5.9209E+00   1.09662E+00 0.1961
    5.9257E+00   1.05444E+00 0.2000
    5.9306E+00   1.43404E+00 0.1715
    5.9355E+00   1.13879E+00 0.1925
    5.9404E+00   1.47621E+00 0.1690
    5.9453E+00   1.13879E+00 0.1925
    5.9502E+00   1.22315E+00 0.1857
    5.9551E+00   1.05444E+00 0.2000
    5.9599E+00   1.64492E+00 0.1601
    5.9648E+00   1.09662E+00 0.1961
    5.9697E+00   1.89799E+00 0.1491
    5.9746E+00   1.18097E+00 0.1890
    5.9795E+00   1.09662E+00 0.1961
    5.9844E+00   1.18097E+00 0.1890
    5.9893E+00   1.26533E+00 0.1826
    5.9941E+00   1.01226E+00 0.2041
    5.9990E+00   1.51839E+00 0.1667
    6.0039E+00   1.30750E+00 0.1796
    6.0088E+00   1.18097E+00 0.1890
    6.0137E+00   9.27906E-01 0.2132
    6.0186E+00   8.85728E-01 0.2182
    6.0234E+00   1.13879E+00 0.1925
    6.0283E+00   1.30750E+00 0.1796
    6.0332E+00   1.05444E+00 0.2000
    6.0381E+00   8.85728E-01 0.2182
    6.0430E+00   7.59196E-01 0.2357
    6.0479E+00   1.26533E+00 0.1826
    6.0528E+00   1.09662E+00 0.1961
    6.0576E+00   1.22315E+00 0.1857
    6.0625E+00   1.43404E+00 0.1715
    6.0674E+00   8.85728E-01 0.2182
    6.0723E+00   1.01226E+00 0.2041
    6.0772E+00   6.32663E-01 0.2582
    6.0821E+00   1.01226E+00 0.2041
    6.0870E+00   1.22315E+00 0.1857
    6.0918E+00   1.18097E+00 0.1890
    6.0967E+00   1.22315E+00 0.1857
    6.1016E+00   9.70083E-01 0.2085
    6.1065E+00   1.56057E+00 0.1644
    6.1114E+00   1.13879E+00 0.1925
    6.1163E+00   8.85728E-01 0.2182
    6.1212E+00   1.09662E+00 0.1961
    6.1260E+00   9.70083E-01 0.2085
    6.1309E+00   1.13879E+00 0.1925
    6.1358E+00   9.27906E-01 0.2132
    6.1407E+00   1.05444E+00 0.2000
    6.1456E+00   1.34968E+00 0.1768
    6.1505E+00   8.43551E-01 0.2236
    6.1553E+00   1.09662E+00 0.1961
    6.1602E+00   1.01226E+00 0.2041
    6.1651E+00   1.18097E+00 0.1890
    6.1700E+00   1.13879E+00 0.1925
    6.1749E+00   1.18097E+00 0.1890
    6.1798E+00   8.85728E-01 0.2182
    6.1847E+00   9.27906E-01 0.2132
    6.1895E+00   8.43551E-01 0.2236
    6.1944E+00   1.34968E+00 0.1768
    6.1993E+00   1.34968E+00 0.1768
    6.2042E+00   1.01226E+00 0.2041
    6.2091E+00   1.18097E+00 0.1890
    6.2140E+00   7.59196E-01 0.2357
    6.2189E+00   1.01226E+00 0.2041
    6.2237E+00   1.47621E+00 0.1690
    6.2286E+00   9.27906E-01 0.2132
    6.2335E+00   1.09662E+00 0.1961
    6.2384E+00   1.01226E+00 0.2041
    6.2433E+00   1.30750E+00 0.1796
    6.2482E+00   1.01226E+00 0.2041
    6.2531E+00   1.05444E+00 0.2000
    6.2579E+00   6.32663E-01 0.2582
    6.2628E+00   8.43551E-01 0.2236
    6.2677E+00   1.13879E+00 0.1925
    6.2726E+00   6.74840E-01 0.2500
    6.2775E+00   8.85728E-01 0.2182
    6.2824E+00   9.27906E-01 0.2132
    6.2872E+00   1.05444E+00 0.2000
    6.2921E+00   9.27906E-01 0.2132
    6.2970E+00   8.85728E-01 0.2182
    6.3019E+00   1.43404E+00 0.1715
    6.3068E+00   5.90485E-01 0.2673
    6.3117E+00   1.18097E+00 0.1890
    6.3166E+00   8.43551E-01 0.2236
    6.3214E+00   1.05444E+00 0.2000
    6.3263E+00   1.13879E+00 0.1925
    6.3312E+00   8.43551E-01 0.2236
    6.3361E+00   8.43551E-01 0.2236
    6.3410E+00   9.70083E-01 0.2085
    6.3459E+00   1.34968E+00 0.1768
    6.3508E+00   1.13879E+00 0.1925
    6.3556E+00   1.09662E+00 0.1961
    6.3605E+00   1.18097E+00 0.1890
    6.3654E+00   1.09662E+00 0.1961
    6.3703E+00   7.59196E-01 0.2357
    6.3752E+00   1.22315E+00 0.1857
    6.3801E+00   1.30750E+00 0.1796
    6.3850E+00   9.70083E-01 0.2085
    6.3898E+00   8.01373E-01 0.2294
    6.3947E+00   5.90485E-01 0.2673
    6.3996E+00   9.70083E-01 0.2085
    6.4045E+00   1.26533E+00 0.1826
    6.4094E+00   8.01373E-01 0.2294
    6.4143E+00   1.01226E+00 0.2041
    6.4191E+00   1.01226E+00 0.2041
    6.4240E+00   8.01373E-01 0.2294
    6.4289E+00   9.70083E-01 0.2085
    6.4338E+00   6.32663E-01 0.2582
    6.4387E+00   6.32663E-01 0.2582
    6.4436E+00   7.59196E-01 0.2357
    6.4485E+00   8.01373E-01 0.2294
    6.4533E+00   1.09662E+00 0.1961
    6.4582E+00   9.27906E-01 0.2132
    6.4631E+00   9.70083E-01 0.2085
    6.4680E+00   8.85728E-01 0.2182
    6.4729E+00   8.85728E-01 0.2182
    6.4778E+00   9.70083E-01 0.2085
    6.4827E+00   9.27906E-01 0.2132
    6.4875E+00   1.05444E+00 0.2000
    6.4924E+00   1.01226E+00 0.2041
    6.4973E+00   8.01373E-01 0.2294
    6.5022E+00   8.01373E-01 0.2294
    6.5071E+00   8.85728E-01 0.2182
    6.5120E+00   6.32663E-01 0.2582
    6.5169E+00   1.22315E+00 0.1857
    6.5217E+00   6.32663E-01 0.2582
    6.5266E+00   6.32663E-01 0.2582
    6.5315E+00   1.09662E+00 0.1961
    6.5364E+00   8.01373E-01 0.2294
    6.5413E+00   1.05444E+00 0.2000
    6.5462E+00   7.59196E-01 0.2357
    6.5511E+00   1.51839E+00 0.1667
    6.5559E+00   1.26533E+00 0.1826
    6.5608E+00   1.26533E+00 0.1826
    6.5657E+00   1.26533E+00 0.1826
    6.5706E+00   1.39186E+00 0.1741
    6.5755E+00   1.30750E+00 0.1796
    6.5804E+00   1.26533E+00 0.1826
    6.5852E+00   1.30750E+00 0.1796
    6.5901E+00   1.22315E+00 0.1857
    6.5950E+00   1.05444E+00 0.2000
    6.5999E+00   1.22315E+00 0.1857
    6.6048E+00   9.70083E-01 0.2085
    6.6097E+00   1.01226E+00 0.2041
    6.6146E+00   1.18097E+00 0.1890
    6.6194E+00   9.70083E-01 0.2085
    6.6243E+00   1.22315E+00 0.1857
    6.6292E+00   1.01226E+00 0.2041
    6.6341E+00   9.27906E-01 0.2132
    6.6390E+00   7.17018E-01 0.2425
    6.6439E+00   1.05444E+00 0.2000
    6.6488E+00   8.01373E-01 0.2294
    6.6536E+00   1.01226E+00 0.2041
    6.6585E+00   1.09662E+00 0.1961
    6.6634E+00   1.09662E+00 0.1961
    6.6683E+00   7.17018E-01 0.2425
    6.6732E+00   7.17018E-01 0.2425
    6.6781E+00   8.85728E-01 0.2182
    6.6830E+00   8.01373E-01 0.2294
    6.6878E+00   1.18097E+00 0.1890
    6.6927E+00   6.32663E-01 0.2582
    6.6976E+00   8.85728E-01 0.2182
    6.7025E+00   8.85728E-01 0.2182
    6.7074E+00   1.09662E+00 0.1961
    6.7123E+00   1.56057E+00 0.1644
    6.7171E+00   7.17018E-01 0.2425
    6.7220E+00   1.05444E+00 0.2000
    6.7269E+00   1.05444E+00 0.2000
    6.7318E+00   8.43551E-01 0.2236
    6.7367E+00   9.27906E-01 0.2132
    6.7416E+00   1.30750E+00 0.1796
    6.7465E+00   1.30750E+00 0.1796
    6.7513E+00   1.13879E+00 0.1925
    6.7562E+00   5.48308E-01 0.2774
    6.7611E+00   8.01373E-01 0.2294
    6.7660E+00   1.13879E+00 0.1925
    6.7709E+00   1.18097E+00 0.1890
    6.7758E+00   1.22315E+00 0.1857
    6.7807E+00   5.90485E-01 0.2673
    6.7855E+00   7.59196E-01 0.2357
    6.7904E+00   1.09662E+00 0.1961
    6.7953E+00   6.32663E-01 0.2582
    6.8002E+00   1.01226E+00 0.2041
    6.8051E+00   1.18097E+00 0.1890
    6.8100E+00   3.37420E-01 0.3536
    6.8149E+00   8.01373E-01 0.2294
    6.8197E+00   4.63953E-01 0.3015
    6.8246E+00   6.32663E-01 0.2582
    6.8295E+00   5.90485E-01 0.2673
    6.8344E+00   8.01373E-01 0.2294
    6.8393E+00   1.05444E+00 0.2000
    6.8442E+00   1.05444E+00 0.2000
    6.8490E+00   1.01226E+00 0.2041
    6.8539E+00   8.85728E-01 0.2182
    6.8588E+00   7.59196E-01 0.2357
    6.8637E+00   6.74840E-01 0.2500
    6.8686E+00   7.17018E-01 0.2425
    6.8735E+00   5.48308E-01 0.2774
    6.8784E+00   1.09662E+00 0.1961
    6.8832E+00   6.74840E-01 0.2500
    6.8881E+00   7.59196E-01 0.2357
    6.8930E+00   6.74840E-01 0.2500
    6.8979E+00   5.06130E-01 0.2887
    6.9028E+00   7.59196E-01 0.2357
    6.9077E+00   6.32663E-01 0.2582
    6.9126E+00   8.85728E-01 0.2182
    6.9174E+00   7.59196E-01 0.2357
    6.9223E+00   7.17018E-01 0.2425
    6.9272E+00   7.59196E-01 0.2357
    6.9321E+00   5.06130E-01 0.2887
    6.9370E+00   6.32663E-01 0.2582
    6.9419E+00   9.27906E-01 0.2132
    6.9468E+00   3.37420E-01 0.3536
    6.9516E+00   5.48308E-01 0.2774
    6.9565E+00   8.01373E-01 0.2294
    6.9614E+00   9.27906E-01 0.2132
    6.9663E+00   6.32663E-01 0.2582
    6.9712E+00   5.90485E-01 0.2673
    6.9761E+00   8.01373E-01 0.2294
    6.9809E+00   7.17018E-01 0.2425
    6.9858E+00   7.59196E-01 0.2357
    6.9907E+00   7.17018E-01 0.2425
    6.9956E+00   5.06130E-01 0.2887
    7.0005E+00   5.06130E-01 0.2887
    7.0054E+00   4.63953E-01 0.3015
    7.0103E+00   7.59196E-01 0.2357
    7.0151E+00   5.48308E-01 0.2774
    7.0200E+00   4.63953E-01 0.3015
    7.0249E+00   5.90485E-01 0.2673
    7.0298E+00   8.01373E-01 0.2294
    7.0347E+00   7.17018E-01 0.2425
    7.0396E+00   8.43551E-01 0.2236
    7.0445E+00   6.32663E-01 0.2582
    7.0493E+00   5.48308E-01 0.2774
    7.0542E+00   1.22315E+00 0.1857
    7.0591E+00   1.94017E+00 0.1474
    7.0640E+00   1.68710E+00 0.1581
    7.0689E+00   1.85581E+00 0.1508
    7.0738E+00   1.39186E+00 0.1741
    7.0787E+00   1.56057E+00 0.1644
    7.0835E+00   2.06670E+00 0.1429
    7.0884E+00   1.34968E+00 0.1768
    7.0933E+00   1.68710E+00 0.1581
    7.0982E+00   1.43404E+00 0.1715
    7.1031E+00   1.43404E+00 0.1715
    7.1080E+00   8.85728E-01 0.2182
    7.1128E+00   1.09662E+00 0.1961
    7.1177E+00   9.27906E-01 0.2132
    7.1226E+00   9.70083E-01 0.2085
    7.1275E+00   1.05444E+00 0.2000
    7.1324E+00   1.22315E+00 0.1857
    7.1373E+00   5.48308E-01 0.2774
    7.1422E+00   8.43551E-01 0.2236
    7.1470E+00   1.34968E+00 0.1768
    7.1519E+00   1.22315E+00 0.1857
    7.1568E+00   5.06130E-01 0.2887
    7.1617E+00   6.32663E-01 0.2582
    7.1666E+00   7.17018E-01 0.2425
    7.1715E+00   5.48308E-01 0.2774
    7.1764E+00   7.59196E-01 0.2357
    7.1812E+00   8.01373E-01 0.2294
    7.1861E+00   8.01373E-01 0.2294
    7.1910E+00   7.17018E-01 0.2425
    7.1959E+00   8.43551E-01 0.2236
    7.2008E+00   4.63953E-01 0.3015
    7.2057E+00   9.70083E-01 0.2085
    7.2106E+00   5.90485E-01 0.2673
    7.2154E+00   1.09662E+00 0.1961
    7.2203E+00   1.09662E+00 0.1961
    7.2252E+00   8.43551E-01 0.2236
    7.2301E+00   7.17018E-01 0.2425
    7.2350E+00   8.01373E-01 0.2294
    7.2399E+00   8.43551E-01 0.2236
    7.2447E+00   7.17018E-01 0.2425
    7.2496E+00   5.48308E-01 0.2774
    7.2545E+00   9.27906E-01 0.2132
    7.2594E+00   1.05444E+00 0.2000
    7.2643E+00   5.48308E-01 0.2774
    7.2692E+00   5.48308E-01 0.2774
    7.2741E+00   5.06130E-01 0.2887
    7.2789E+00   8.01373E-01 0.2294
    7.2838E+00   5.90485E-01 0.2673
    7.2887E+00   6.74840E-01 0.2500
    7.2936E+00   6.32663E-01 0.2582
    7.2985E+00   6.74840E-01 0.2500
    7.3034E+00   7.17018E-01 0.2425
    7.3083E+00   7.17018E-01 0.2425
    7.3131E+00   7.59196E-01 0.2357
    7.3180E+00   4.63953E-01 0.3015
    7.3229E+00   8.85728E-01 0.2182
    7.3278E+00   8.43551E-01 0.2236
    7.3327E+00   3.79598E-01 0.3333
    7.3376E+00   4.63953E-01 0.3015
    7.3425E+00   7.17018E-01 0.2425
    7.3473E+00   5.48308E-01 0.2774
    7.3522E+00   3.37420E-01 0.3536
    7.3571E+00   6.32663E-01 0.2582
    7.3620E+00   4.63953E-01 0.3015
    7.3669E+00   7.17018E-01 0.2425
    7.3718E+00   3.37420E-01 0.3536
    7.3766E+00   4.21775E-01 0.3162
    7.3815E+00   4.21775E-01 0.3162
    7.3864E+00   5.90485E-01 0.2673
    7.3913E+00   4.63953E-01 0.3015
    7.3962E+00   8.01373E-01 0.2294
    7.4011E+00   7.17018E-01 0.2425
    7.4060E+00   5.06130E-01 0.2887
    7.4108E+00   5.90485E-01 0.2673
    7.4157E+00   4.63953E-01 0.3015
    7.4206E+00   5.90485E-01 0.2673
    7.4255E+00   6.32663E-01 0.2582
    7.4304E+00   8.85728E-01 0.2182
    7.4353E+00   8.01373E-01 0.2294
    7.4402E+00   4.21775E-01 0.3162
    7.4450E+00   1.26533E-01 0.5774
    7.4499E+00   3.37420E-01 0.3536
    7.4548E+00   3.79598E-01 0.3333
    7.4597E+00   4.21775E-01 0.3162
    7.4646E+00   3.37420E-01 0.3536
    7.4695E+00   5.90485E-01 0.2673
    7.4744E+00   4.63953E-01 0.3015
    7.4792E+00   4.21775E-01 0.3162
    7.4841E+00   4.63953E-01 0.3015
    7.4890E+00   5.06130E-01 0.2887
    7.4939E+00   4.21775E-01 0.3162
    7.4988E+00   2.95243E-01 0.3780
    7.5037E+00   1.68710E-01 0.5000
    7.5085E+00   4.21775E-01 0.3162
    7.5134E+00   4.63953E-01 0.3015
    7.5183E+00   3.79598E-01 0.3333
    7.5232E+00   5.48308E-01 0.2774
    7.5281E+00   5.48308E-01 0.2774
    7.5330E+00   3.79598E-01 0.3333
    7.5379E+00   5.48308E-01 0.2774
    7.5427E+00   4.63953E-01 0.3015
    7.5476E+00   3.79598E-01 0.3333
    7.5525E+00   6.32663E-01 0.2582
    7.5574E+00   4.63953E-01 0.3015
    7.5623E+00   5.48308E-01 0.2774
    7.5672E+00   1.22315E+00 0.1857
    7.5721E+00   8.43551E-01 0.2236
    7.5769E+00   6.74840E-01 0.2500
    7.5818E+00   1.22315E+00 0.1857
    7.5867E+00   1.13879E+00 0.1925
    7.5916E+00   8.01373E-01 0.2294
    7.5965E+00   1.09662E+00 0.1961
    7.6014E+00   1.09662E+00 0.1961
    7.6063E+00   9.27906E-01 0.2132
    7.6111E+00   5.90485E-01 0.2673
    7.6160E+00   3.79598E-01 0.3333
    7.6209E+00   2.95243E-01 0.3780
    7.6258E+00   5.90485E-01 0.2673
    7.6307E+00   5.90485E-01 0.2673
    7.6356E+00   6.74840E-01 0.2500
    7.6404E+00   3.37420E-01 0.3536
    7.6453E+00   3.79598E-01 0.3333
    7.6502E+00   4.21775E-01 0.3162
    7.6551E+00   3.79598E-01 0.3333
    7.6600E+00   5.90485E-01 0.2673
    7.6649E+00   4.63953E-01 0.3015
    7.6698E+00   3.79598E-01 0.3333
    7.6746E+00   1.68710E-01 0.5000
    7.6795E+00   2.95243E-01 0.3780
    7.6844E+00   3.37420E-01 0.3536
    7.6893E+00   4.21775E-02 1.0000
    7.6942E+00   3.37420E-01 0.3536
    7.6991E+00   2.53065E-01 0.4082
    7.7040E+00   3.37420E-01 0.3536
    7.7088E+00   4.63953E-01 0.3015
    7.7137E+00   3.79598E-01 0.3333
    7.7186E+00   4.63953E-01 0.3015
    7.7235E+00   2.95243E-01 0.3780
    7.7284E+00   3.37420E-01 0.3536
    7.7333E+00   2.53065E-01 0.4082
    7.7382E+00   2.53065E-01 0.4082
    7.7430E+00   3.37420E-01 0.3536
    7.7479E+00   4.21775E-01 0.3162
    7.7528E+00   2.95243E-01 0.3780
    7.7577E+00   4.21775E-01 0.3162
    7.7626E+00   2.10888E-01 0.4472
    7.7675E+00   4.63953E-01 0.3015
    7.7723E+00   3.79598E-01 0.3333
    7.7772E+00   2.53065E-01 0.4082
    7.7821E+00   3.37420E-01 0.3536
    7.7870E+00   5.06130E-01 0.2887
    7.7919E+00   1.26533E-01 0.5774
    7.7968E+00   3.79598E-01 0.3333
    7.8017E+00   4.21775E-01 0.3162
    7.8065E+00   3.79598E-01 0.3333
    7.8114E+00   4.21775E-01 0.3162
    7.8163E+00   2.53065E-01 0.4082
    7.8212E+00   2.53065E-01 0.4082
    7.8261E+00   3.37420E-01 0.3536
    7.8310E+00   2.53065E-01 0.4082
    7.8359E+00   1.26533E-01 0.5774
    7.8407E+00   3.37420E-01 0.3536
    7.8456E+00   3.79598E-01 0.3333
    7.8505E+00   2.95243E-01 0.3780
    7.8554E+00   2.95243E-01 0.3780
    7.8603E+00   4.21775E-01 0.3162
    7.8652E+00   7.17018E-01 0.2425
    7.8701E+00   2.10888E-01 0.4472
    7.8749E+00   3.79598E-01 0.3333
    7.8798E+00   3.37420E-01 0.3536
    7.8847E+00   2.95243E-01 0.3780
    7.8896E+00   7.59196E-01 0.2357
    7.8945E+00   2.95243E-01 0.3780
    7.8994E+00   3.79598E-01 0.3333
    7.9043E+00   4.21775E-01 0.3162
    7.9091E+00   3.37420E-01 0.3536
    7.9140E+00   1.26533E-01 0.5774
    7.9189E+00   4.21775E-01 0.3162
    7.9238E+00   2.10888E-01 0.4472
    7.9287E+00   1.68710E-01 0.5000
    7.9336E+00   1.68710E-01 0.5000
    7.9384E+00   3.79598E-01 0.3333
    7.9433E+00   4.63953E-01 0.3015
    7.9482E+00   2.95243E-01 0.3780
    7.9531E+00   3.79598E-01 0.3333
    7.9580E+00   8.43551E-02 0.7071
    7.9629E+00   1.26533E-01 0.5774
    7.9678E+00   4.63953E-01 0.3015
    7.9726E+00   3.79598E-01 0.3333
    7.9775E+00   3.37420E-01 0.3536
    7.9824E+00   3.79598E-01 0.3333
    7.9873E+00   2.95243E-01 0.3780
    7.9922E+00   4.63953E-01 0.3015
    7.9971E+00   2.10888E-01 0.4472
    8.0020E+00   2.10888E-01 0.4472
    8.0068E+00   3.37420E-01 0.3536
    8.0117E+00   1.68710E-01 0.5000
    8.0166E+00   3.79598E-01 0.3333
    8.0215E+00   1.68710E-01 0.5000
    8.0264E+00   4.21775E-02 1.0000
    8.0313E+00   1.68710E-01 0.5000
    8.0362E+00   3.37420E-01 0.3536
    8.0410E+00   2.53065E-01 0.4082
    8.0459E+00   4.21775E-01 0.3162
    8.0508E+00   1.68710E-01 0.5000
    8.0557E+00   2.53065E-01 0.4082
    8.0606E+00   3.37420E-01 0.3536
    8.0655E+00   3.37420E-01 0.3536
    8.0703E+00   2.10888E-01 0.4472
    8.0752E+00   2.95243E-01 0.3780
    8.0801E+00   1.68710E-01 0.5000
    8.0850E+00   3.37420E-01 0.3536
    8.0899E+00   3.79598E-01 0.3333
    8.0948E+00   3.79598E-01 0.3333
    8.0997E+00   2.10888E-01 0.4472
    8.1045E+00   4.21775E-01 0.3162
    8.1094E+00   1.26533E-01 0.5774
    8.1143E+00   2.10888E-01 0.4472
    8.1192E+00   1.68710E-01 0.5000
    8.1241E+00   4.63953E-01 0.3015
    8.1290E+00   1.26533E-01 0.5774
    8.1339E+00   3.37420E-01 0.3536
    8.1387E+00   1.68710E-01 0.5000
    8.1436E+00   2.53065E-01 0.4082
    8.1485E+00   2.10888E-01 0.4472
    8.1534E+00   2.53065E-01 0.4082
    8.1583E+00   8.43551E-02 0.7071
    8.1632E+00   3.37420E-01 0.3536
    8.1681E+00   1.68710E-01 0.5000
    8.1729E+00   2.53065E-01 0.4082
    8.1778E+00   3.79598E-01 0.3333
    8.1827E+00   3.37420E-01 0.3536
    8.1876E+00   5.06130E-01 0.2887
    8.1925E+00   2.95243E-01 0.3780
    8.1974E+00   2.53065E-01 0.4082
    8.2022E+00   1.26533E-01 0.5774
    8.2071E+00   1.68710E-01 0.5000
    8.2120E+00   2.10888E-01 0.4472
    8.2169E+00   2.53065E-01 0.4082
    8.2218E+00   2.53065E-01 0.4082
    8.2267E+00   3.37420E-01 0.3536
    8.2316E+00   2.10888E-01 0.4472
    8.2364E+00   1.68710E-01 0.5000
    8.2413E+00   2.10888E-01 0.4472
    8.2462E+00   3.79598E-01 0.3333
    8.2511E+00   8.43551E-02 0.7071
    8.2560E+00   8.43551E-02 0.7071
    8.2609E+00   2.53065E-01 0.4082
    8.2658E+00   4.21775E-01 0.3162
    8.2706E+00   2.95243E-01 0.3780
    8.2755E+00   2.95243E-01 0.3780
    8.2804E+00   8.43551E-02 0.7071
    8.2853E+00   2.95243E-01 0.3780
    8.2902E+00   2.95243E-01 0.3780
    8.2951E+00   8.43551E-02 0.7071
    8.3000E+00   2.53065E-01 0.4082
    8.3048E+00   2.53065E-01 0.4082
    8.3097E+00   3.37420E-01 0.3536
    8.3146E+00   3.37420E-01 0.3536
    8.3195E+00   1.68710E-01 0.5000
    8.3244E+00   2.10888E-01 0.4472
    8.3293E+00   5.48308E-01 0.2774
    8.3341E+00   4.63953E-01 0.3015
    8.3390E+00   1.68710E-01 0.5000
    8.3439E+00   2.53065E-01 0.4082
    8.3488E+00   4.63953E-01 0.3015
    8.3537E+00   3.79598E-01 0.3333
    8.3586E+00   2.10888E-01 0.4472
    8.3635E+00   2.53065E-01 0.4082
    8.3683E+00   2.95243E-01 0.3780
    8.3732E+00   2.10888E-01 0.4472
    8.3781E+00   2.10888E-01 0.4472
    8.3830E+00   2.10888E-01 0.4472
    8.3879E+00   2.95243E-01 0.3780
    8.3928E+00   1.68710E-01 0.5000
    8.3977E+00   2.95243E-01 0.3780
    8.4025E+00   4.63953E-01 0.3015
    8.4074E+00   1.26533E-01 0.5774
    8.4123E+00   1.26533E-01 0.5774
    8.4172E+00   1.26533E-01 0.5774
    8.4221E+00   3.37420E-01 0.3536
    8.4270E+00   8.43551E-02 0.7071
    8.4319E+00   1.68710E-01 0.5000
    8.4367E+00   3.37420E-01 0.3536
    8.4416E+00   1.26533E-01 0.5774
    8.4465E+00   3.37420E-01 0.3536
    8.4514E+00   1.68710E-01 0.5000
    8.4563E+00   4.21775E-01 0.3162
    8.4612E+00   3.79598E-01 0.3333
    8.4660E+00   2.53065E-01 0.4082
    8.4709E+00   2.53065E-01 0.4082
    8.4758E+00   1.26533E-01 0.5774
    8.4807E+00   1.26533E-01 0.5774
    8.4856E+00   1.26533E-01 0.5774
    8.4905E+00   1.68710E-01 0.5000
    8.4954E+00   2.10888E-01 0.4472
    8.5002E+00   1.26533E-01 0.5774
    8.5051E+00   3.79598E-01 0.3333
    8.5100E+00   2.95243E-01 0.3780
    8.5149E+00   1.26533E-01 0.5774
    8.5198E+00   1.68710E-01 0.5000
    8.5247E+00   1.26533E-01 0.5774
    8.5296E+00   1.68710E-01 0.5000
    8.5344E+00   2.10888E-01 0.4472
    8.5393E+00   2.53065E-01 0.4082
    8.5442E+00   3.37420E-01 0.3536
    8.5491E+00   2.53065E-01 0.4082
    8.5540E+00   1.68710E-01 0.5000
    8.5589E+00   1.68710E-01 0.5000
    8.5638E+00   3.37420E-01 0.3536
    8.5686E+00   1.26533E-01 0.5774
    8.5735E+00   2.53065E-01 0.4082
    8.5784E+00   2.53065E-01 0.4082
    8.5833E+00   8.43551E-02 0.7071
    8.5882E+00   8.43551E-02 0.7071
    8.5931E+00   2.10888E-01 0.4472
    8.5979E+00   1.68710E-01 0.5000
    8.6028E+00   8.43551E-02 0.7071
    8.6077E+00   4.21775E-02 1.0000
    8.6126E+00   1.26533E-01 0.5774
    8.6175E+00   1.26533E-01 0.5774
    8.6224E+00   2.10888E-01 0.4472
    8.6273E+00   3.79598E-01 0.3333
    8.6321E+00   1.68710E-01 0.5000
    8.6370E+00   8.43551E-02 0.7071
    8.6419E+00   8.43551E-02 0.7071
    8.6468E+00   1.26533E-01 0.5774
    8.6517E+00   2.10888E-01 0.4472
    8.6566E+00   1.26533E-01 0.5774
    8.6615E+00   3.37420E-01 0.3536
    8.6663E+00   2.10888E-01 0.4472
    8.6712E+00   2.10888E-01 0.4472
    8.6761E+00   1.26533E-01 0.5774
    8.6810E+00   8.43551E-02 0.7071
    8.6859E+00   1.26533E-01 0.5774
    8.6908E+00   1.68710E-01 0.5000
    8.6957E+00   1.68710E-01 0.5000
    8.7005E+00   3.79598E-01 0.3333
    8.7054E+00   2.95243E-01 0.3780
    8.7103E+00   2.95243E-01 0.3780
    8.7152E+00   2.95243E-01 0.3780
    8.7201E+00   2.95243E-01 0.3780
    8.7250E+00   2.53065E-01 0.4082
    8.7298E+00   2.95243E-01 0.3780
    8.7347E+00   1.68710E-01 0.5000
    8.7396E+00   3.37420E-01 0.3536
    8.7445E+00   2.10888E-01 0.4472
    8.7494E+00   2.95243E-01 0.3780
    8.7543E+00   2.10888E-01 0.4472
    8.7592E+00   2.53065E-01 0.4082
    8.7640E+00   1.26533E-01 0.5774
    8.7689E+00   3.79598E-01 0.3333
    8.7738E+00   2.10888E-01 0.4472
    8.7787E+00   2.10888E-01 0.4472
    8.7836E+00   1.26533E-01 0.5774
    8.7885E+00   2.10888E-01 0.4472
    8.7934E+00   1.26533E-01 0.5774
    8.7982E+00   2.53065E-01 0.4082
    8.8031E+00   2.53065E-01 0.4082
    8.8080E+00   3.37420E-01 0.3536
    8.8129E+00   2.10888E-01 0.4472
    8.8178E+00   1.68710E-01 0.5000
    8.8227E+00   8.43551E-02 0.7071
    8.8276E+00   8.43551E-02 0.7071
    8.8324E+00   1.26533E-01 0.5774
    8.8373E+00   2.10888E-01 0.4472
    8.8422E+00   8.43551E-02 0.7071
    8.8471E+00   2.53065E-01 0.4082
    8.8520E+00   3.37420E-01 0.3536
    8.8569E+00   1.68710E-01 0.5000
    8.8617E+00   2.95243E-01 0.3780
    8.8666E+00   2.53065E-01 0.4082
    8.8715E+00   1.68710E-01 0.5000
    8.8764E+00   2.10888E-01 0.4472
    8.8813E+00   1.26533E-01 0.5774
    8.8862E+00   2.53065E-01 0.4082
    8.8911E+00   1.26533E-01 0.5774
    8.8959E+00   1.26533E-01 0.5774
    8.9008E+00   1.26533E-01 0.5774
    8.9057E+00   2.10888E-01 0.4472
    8.9106E+00   2.10888E-01 0.4472
    8.9155E+00   1.68710E-01 0.5000
    8.9204E+00   1.26533E-01 0.5774
    8.9253E+00   2.95243E-01 0.3780
    8.9301E+00   2.10888E-01 0.4472
    8.9350E+00   1.68710E-01 0.5000
    8.9399E+00   2.10888E-01 0.4472
    8.9448E+00   4.21775E-02 1.0000
    8.9497E+00   1.68710E-01 0.5000
    8.9546E+00   2.53065E-01 0.4082
    8.9595E+00   2.95243E-01 0.3780
    8.9643E+00   2.10888E-01 0.4472
    8.9692E+00   2.95243E-01 0.3780
    8.9741E+00   2.10888E-01 0.4472
    8.9790E+00   2.53065E-01 0.4082
    8.9839E+00   1.26533E-01 0.5774
    8.9888E+00   1.68710E-01 0.5000
    8.9936E+00   2.10888E-01 0.4472
    8.9985E+00   1.26533E-01 0.5774
    9.0034E+00   1.68710E-01 0.5000
    9.0083E+00   2.95243E-01 0.3780
    9.0132E+00   2.95243E-01 0.3780
    9.0181E+00   1.26533E-01 0.5774
    9.0230E+00   8.43551E-02 0.7071
    9.0278E+00   8.43551E-02 0.7071
    9.0327E+00   1.68710E-01 0.5000
    9.0376E+00   0.00000E+00 0.0000
    9.0425E+00   1.68710E-01 0.5000
    9.0474E+00   1.26533E-01 0.5774
    9.0523E+00   1.26533E-01 0.5774
    9.0572E+00   4.21775E-02 1.0000
    9.0620E+00   1.68710E-01 0.5000
    9.0669E+00   8.43551E-02 0.7071
    9.0718E+00   1.68710E-01 0.5000
    9.0767E+00   8.43551E-02 0.7071
    9.0816E+00   8.43551E-02 0.7071
    9.0865E+00   1.26533E-01 0.5774
    9.0914E+00   3.37420E-01 0.3536
    9.0962E+00   4.21775E-02 1.0000
    9.1011E+00   8.43551E-02 0.7071
    9.1060E+00   1.26533E-01 0.5774
    9.1109E+00   1.26533E-01 0.5774
    9.1158E+00   8.43551E-02 0.7071
    9.1207E+00   2.10888E-01 0.4472
    9.1255E+00   8.43551E-02 0.7071
    9.1304E+00   4.21775E-01 0.3162
    9.1353E+00   4.21775E-02 1.0000
    9.1402E+00   1.26533E-01 0.5774
    9.1451E+00   8.43551E-02 0.7071
    9.1500E+00   8.43551E-02 0.7071
    9.1549E+00   2.53065E-01 0.4082
    9.1597E+00   2.10888E-01 0.4472
    9.1646E+00   8.43551E-02 0.7071
    9.1695E+00   4.21775E-02 1.0000
    9.1744E+00   2.53065E-01 0.4082
    9.1793E+00   8.43551E-02 0.7071
    9.1842E+00   8.43551E-02 0.7071
    9.1891E+00   0.00000E+00 0.0000
    9.1939E+00   2.95243E-01 0.3780
    9.1988E+00   8.43551E-02 0.7071
    9.2037E+00   4.21775E-02 1.0000
    9.2086E+00   1.68710E-01 0.5000
    9.2135E+00   8.43551E-02 0.7071
    9.2184E+00   2.10888E-01 0.4472
    9.2233E+00   4.21775E-01 0.3162
    9.2281E+00   1.68710E-01 0.5000
    9.2330E+00   2.95243E-01 0.3780
    9.2379E+00   2.10888E-01 0.4472
    9.2428E+00   8.43551E-02 0.7071
    9.2477E+00   1.26533E-01 0.5774
    9.2526E+00   1.68710E-01 0.5000
    9.2574E+00   4.21775E-02 1.0000
    9.2623E+00   1.26533E-01 0.5774
    9.2672E+00   2.53065E-01 0.4082
    9.2721E+00   3.37420E-01 0.3536
    9.2770E+00   1.68710E-01 0.5000
    9.2819E+00   1.26533E-01 0.5774
    9.2868E+00   1.68710E-01 0.5000
    9.2916E+00   4.21775E-02 1.0000
    9.2965E+00   0.00000E+00 0.0000
    9.3014E+00   4.21775E-02 1.0000
    9.3063E+00   8.43551E-02 0.7071
    9.3112E+00   1.68710E-01 0.5000
    9.3161E+00   1.26533E-01 0.5774
    9.3210E+00   8.43551E-02 0.7071
    9.3258E+00   8.43551E-02 0.7071
    9.3307E+00   1.26533E-01 0.5774
    9.3356E+00   1.26533E-01 0.5774
    9.3405E+00   1.68710E-01 0.5000
    9.3454E+00   8.43551E-02 0.7071
    9.3503E+00   4.21775E-02 1.0000
    9.3552E+00   4.21775E-02 1.0000
    9.3600E+00   1.68710E-01 0.5000
    9.3649E+00   1.26533E-01 0.5774
    9.3698E+00   1.26533E-01 0.5774
    9.3747E+00   8.43551E-02 0.7071
    9.3796E+00   1.26533E-01 0.5774
    9.3845E+00   1.26533E-01 0.5774
    9.3894E+00   2.53065E-01 0.4082
    9.3942E+00   8.43551E-02 0.7071
    9.3991E+00   1.68710E-01 0.5000
    9.4040E+00   1.68710E-01 0.5000
    9.4089E+00   2.53065E-01 0.4082
    9.4138E+00   1.68710E-01 0.5000
    9.4187E+00   2.10888E-01 0.4472
    9.4235E+00   1.68710E-01 0.5000
    9.4284E+00   8.43551E-02 0.7071
    9.4333E+00   8.43551E-02 0.7071
    9.4382E+00   1.68710E-01 0.5000
    9.4431E+00   1.68710E-01 0.5000
    9.4480E+00   8.43551E-02 0.7071
    9.4529E+00   8.43551E-02 0.7071
    9.4577E+00   4.21775E-02 1.0000
    9.4626E+00   8.43551E-02 0.7071
    9.4675E+00   8.43551E-02 0.7071
    9.4724E+00   4.21775E-02 1.0000
    9.4773E+00   0.00000E+00 0.0000
    9.4822E+00   8.43551E-02 0.7071
    9.4871E+00   0.00000E+00 0.0000
    9.4919E+00   1.26533E-01 0.5774
    9.4968E+00   1.26533E-01 0.5774
    9.5017E+00   8.43551E-02 0.7071
    9.5066E+00   1.68710E-01 0.5000
    9.5115E+00   2.95243E-01 0.3780
    9.5164E+00   4.21775E-02 1.0000
    9.5213E+00   4.21775E-02 1.0000
    9.5261E+00   1.68710E-01 0.5000
    9.5310E+00   4.21775E-02 1.0000
    9.5359E+00   4.21775E-02 1.0000
    9.5408E+00   2.10888E-01 0.4472
    9.5457E+00   1.68710E-01 0.5000
    9.5506E+00   1.26533E-01 0.5774
    9.5554E+00   1.26533E-01 0.5774
    9.5603E+00   8.43551E-02 0.7071
    9.5652E+00   8.43551E-02 0.7071
    9.5701E+00   4.21775E-02 1.0000
    9.5750E+00   8.43551E-02 0.7071
    9.5799E+00   2.10888E-01 0.4472
    9.5848E+00   8.43551E-02 0.7071
    9.5896E+00   8.43551E-02 0.7071
    9.5945E+00   1.26533E-01 0.5774
    9.5994E+00   1.68710E-01 0.5000
    9.6043E+00   8.43551E-02 0.7071
    9.6092E+00   4.21775E-02 1.0000
    9.6141E+00   1.26533E-01 0.5774
    9.6190E+00   8.43551E-02 0.7071
    9.6238E+00   1.68710E-01 0.5000
    9.6287E+00   8.43551E-02 0.7071
    9.6336E+00   1.26533E-01 0.5774
    9.6385E+00   0.00000E+00 0.0000
    9.6434E+00   1.26533E-01 0.5774
    9.6483E+00   4.21775E-02 1.0000
    9.6532E+00   1.26533E-01 0.5774
    9.6580E+00   8.43551E-02 0.7071
    9.6629E+00   0.00000E+00 0.0000
    9.6678E+00   2.10888E-01 0.4472
    9.6727E+00   4.21775E-02 1.0000
    9.6776E+00   1.26533E-01 0.5774
    9.6825E+00   4.21775E-02 1.0000
    9.6873E+00   0.00000E+00 0.0000
    9.6922E+00   8.43551E-02 0.7071
    9.6971E+00   8.43551E-02 0.7071
    9.7020E+00   4.21775E-02 1.0000
    9.7069E+00   4.21775E-02 1.0000
    9.7118E+00   8.43551E-02 0.7071
    9.7167E+00   1.26533E-01 0.5774
    9.7215E+00   8.43551E-02 0.7071
    9.7264E+00   1.26533E-01 0.5774
    9.7313E+00   8.43551E-02 0.7071
    9.7362E+00   1.26533E-01 0.5774
    9.7411E+00   8.43551E-02 0.7071
    9.7460E+00   1.26533E-01 0.5774
    9.7509E+00   8.43551E-02 0.7071
    9.7557E+00   0.00000E+00 0.0000
    9.7606E+00   8.43551E-02 0.7071
    9.7655E+00   0.00000E+00 0.0000
    9.7704E+00   8.43551E-02 0.7071
    9.7753E+00   4.21775E-02 1.0000
    9.7802E+00   4.21775E-02 1.0000
    9.7851E+00   8.43551E-02 0.7071
    9.7899E+00   4.21775E-02 1.0000
    9.7948E+00   0.00000E+00 0.0000
    9.7997E+00   8.43551E-02 0.7071
    9.8046E+00   8.43551E-02 0.7071
    9.8095E+00   4.21775E-02 1.0000
    9.8144E+00   2.10888E-01 0.4472
    9.8192E+00   0.00000E+00 0.0000
    9.8241E+00   8.43551E-02 0.7071
    9.8290E+00   8.43551E-02 0.7071
    9.8339E+00   0.00000E+00 0.0000
    9.8388E+00   4.21775E-02 1.0000
    9.8437E+00   8.43551E-02 0.7071
    9.8486E+00   4.21775E-02 1.0000
    9.8534E+00   4.21775E-02 1.0000
    9.8583E+00   0.00000E+00 0.0000
    9.8632E+00   1.68710E-01 0.5000
    9.8681E+00   4.21775E-02 1.0000
    9.8730E+00   0.00000E+00 0.0000
    9.8779E+00   0.00000E+00 0.0000
    9.8828E+00   8.43551E-02 0.7071
    9.8876E+00   8.43551E-02 0.7071
    9.8925E+00   4.21775E-02 1.0000
    9.8974E+00   4.21775E-02 1.0000
    9.9023E+00   8.43551E-02 0.7071
    9.9072E+00   1.68710E-01 0.5000
    9.9121E+00   1.26533E-01 0.5774
    9.9170E+00   0.00000E+00 0.0000
    9.9218E+00   4.21775E-02 1.0000
    9.9267E+00   4.21775E-02 1.0000
    9.9316E+00   4.21775E-02 1.0000
    9.9365E+00   8.43551E-02 0.7071
    9.9414E+00   4.21775E-02 1.0000
    9.9463E+00   0.00000E+00 0.0000
    9.9511E+00   4.21775E-02 1.0000
    9.9560E+00   0.00000E+00 0.0000
    9.9609E+00   4.21775E-02 1.0000
    9.9658E+00   4.21775E-02 1.0000
    9.9707E+00   8.43551E-02 0.7071
    9.9756E+00   0.00000E+00 0.0000
    9.9805E+00   1.26533E-01 0.5774
    9.9853E+00   0.00000E+00 0.0000
    9.9902E+00   1.26533E-01 0.5774
    9.9951E+00   4.21775E-02 1.0000
    1.0000E+01   4.21775E-02 1.0000