0.0000E+00   5.06130E-01 0.2887
    9.7561E-03   1.20057E+04 0.0019
    1.9512E-02   5.17982E+02 0.0090
    2.9268E-02   5.34642E+02 0.0089
    3.9024E-02   5.46747E+02 0.0088
    4.8780E-02   5.38818E+02 0.0088
    5.8537E-02   2.66786E+03 0.0040
    6.8293E-02   6.27306E+02 0.0082
    7.8049E-02   6.75937E+02 0.0079
    8.7805E-02   7.37854E+02 0.0076
    9.7561E-02   8.03018E+02 0.0072
    1.0732E-01   8.34482E+02 0.0071
    1.1707E-01   9.25586E+02 0.0068
    1.2683E-01   9.07914E+02 0.0068
    1.3659E-01   9.07914E+02 0.0068
    1.4634E-01   9.36130E+02 0.0067
    1.5610E-01   6.78341E+02 0.0079
    1.6585E-01   6.12460E+02 0.0083
    1.7561E-01   6.44979E+02 0.0081
    1.8537E-01   5.82261E+02 0.0085
    1.9512E-01   5.63492E+02 0.0087
    2.0488E-01   9.34401E+02 0.0067
    2.1463E-01   5.19965E+02 0.0090
    2.2439E-01   4.92760E+02 0.0093
    2.3415E-01   4.65092E+02 0.0095
    2.4390E-01   4.36327E+02 0.0098
    2.5366E-01   4.18443E+02 0.0100
    2.6341E-01   4.14858E+02 0.0101
    2.7317E-01   3.65510E+02 0.0107
    2.8293E-01   3.37209E+02 0.0112
    2.9268E-01   3.20971E+02 0.0115
    3.0244E-01   3.08318E+02 0.0117
    3.1220E-01   2.92079E+02 0.0120
    3.2195E-01   2.79468E+02 0.0123
    3.3171E-01   2.67068E+02 0.0126
    3.4146E-01   2.57620E+02 0.0128
    3.5122E-01   2.37417E+02 0.0133
    3.6098E-01   2.32989E+02 0.0135
    3.7073E-01   2.13629E+02 0.0141
    3.8049E-01   2.21432E+02 0.0138
    3.9024E-01   1.91739E+02 0.0148
    4.0000E-01   1.88702E+02 0.0150
    4.0976E-01   1.82797E+02 0.0152
    4.1951E-01   2.99882E+02 0.0119
    4.2927E-01   1.81616E+02 0.0152
    4.3902E-01   1.77652E+02 0.0154
    4.4878E-01   2.84698E+02 0.0122
    4.5854E-01   1.60275E+02 0.0162
    4.6829E-01   1.50194E+02 0.0168
    4.7805E-01   1.74193E+02 0.0156
    4.8780E-01   1.42771E+02 0.0172
    4.9756E-01   1.32016E+02 0.0179
    5.0732E-01   1.36908E+02 0.0176
    5.1707E-01   3.95920E+02 0.0103
    5.2683E-01   1.05613E+02 0.0200
    5.3659E-01   1.04347E+02 0.0201
    5.4634E-01   9.77253E+01 0.0208
    5.5610E-01   9.51103E+01 0.0211
    5.6585E-01   9.76832E+01 0.0208
    5.7561E-01   9.56165E+01 0.0210
    5.8537E-01   9.16096E+01 0.0215
    5.9512E-01   1.04769E+02 0.0201
    6.0488E-01   8.60422E+01 0.0221
    6.1463E-01   8.39755E+01 0.0224
    6.2439E-01   9.96233E+01 0.0206
    6.3415E-01   1.13879E+02 0.0192
    6.4390E-01   8.25414E+01 0.0226
    6.5366E-01   7.93781E+01 0.0231
    6.6341E-01   8.05169E+01 0.0229
    6.7317E-01   1.33534E+02 0.0178
    6.8293E-01   6.71888E+01 0.0251
    6.9268E-01   7.48229E+01 0.0237
    7.0244E-01   6.71466E+01 0.0251
    7.1220E-01   6.41942E+01 0.0256
    7.2195E-01   6.65983E+01 0.0252
    7.3171E-01   6.11996E+01 0.0263
    7.4146E-01   6.05248E+01 0.0264
    7.5122E-01   7.35576E+01 0.0239
    7.6098E-01   5.82472E+01 0.0269
    7.7073E-01   8.00530E+01 0.0230
    7.8049E-01   5.29750E+01 0.0282
    7.9024E-01   5.71506E+01 0.0272
    8.0000E-01   5.84581E+01 0.0269
    8.0976E-01   5.36076E+01 0.0280
    8.1951E-01   5.12879E+01 0.0287
    8.2927E-01   5.60118E+01 0.0274
    8.3902E-01   4.96008E+01 0.0292
    8.4878E-01   9.20735E+01 0.0214
    8.5854E-01   4.75763E+01 0.0298
    8.6829E-01   4.39490E+01 0.0310
    8.7805E-01   4.50034E+01 0.0306
    8.8780E-01   4.66905E+01 0.0301
    8.9756E-01   4.61422E+01 0.0302
    9.0732E-01   4.24728E+01 0.0315
    9.1707E-01   4.34429E+01 0.0312
    9.2683E-01   4.25571E+01 0.0315
    9.3659E-01   4.23884E+01 0.0315
    9.4634E-01   4.02374E+01 0.0324
    9.5610E-01   3.83816E+01 0.0331
    9.6585E-01   1.26912E+02 0.0182
    9.7561E-01   3.49652E+01 0.0347
    9.8537E-01   3.45856E+01 0.0349
    9.9512E-01   3.55978E+01 0.0344
    1.0049E+00   3.57244E+01 0.0344
    1.0146E+00   1.10379E+02 0.0195
    1.0244E+00   3.40373E+01 0.0352
    1.0341E+00   3.45434E+01 0.0349
    1.0439E+00   3.48386E+01 0.0348
    1.0537E+00   3.52604E+01 0.0346
    1.0634E+00   3.23923E+01 0.0361
    1.0732E+00   3.15488E+01 0.0366
    1.0829E+00   3.18019E+01 0.0364
    1.0927E+00   3.22658E+01 0.0362
    1.1024E+00   3.41638E+01 0.0351
    1.1122E+00   2.99882E+01 0.0375
    1.1220E+00   6.82854E+01 0.0249
    1.1317E+00   2.96930E+01 0.0377
    1.1415E+00   3.01991E+01 0.0374
    1.1512E+00   3.02835E+01 0.0373
    1.1610E+00   2.81746E+01 0.0387
    1.1707E+00   2.84277E+01 0.0385
    1.1805E+00   2.72889E+01 0.0393
    1.1902E+00   2.92290E+01 0.0380
    1.2000E+00   2.72889E+01 0.0393
    1.2098E+00   2.79637E+01 0.0388
    1.2195E+00   2.81746E+01 0.0387
    1.2293E+00   3.05365E+01 0.0372
    1.2390E+00   2.63188E+01 0.0400
    1.2488E+00   2.59392E+01 0.0403
    1.2585E+00   2.77106E+01 0.0390
    1.2683E+00   2.57705E+01 0.0405
    1.2780E+00   2.58548E+01 0.0404
    1.2878E+00   2.55174E+01 0.0407
    1.2976E+00   2.52222E+01 0.0409
    1.3073E+00   2.40412E+01 0.0419
    1.3171E+00   2.39990E+01 0.0419
    1.3268E+00   6.97195E+01 0.0246
    1.3366E+00   2.37038E+01 0.0422
    1.3463E+00   2.71202E+01 0.0394
    1.3561E+00   2.29024E+01 0.0429
    1.3659E+00   2.34929E+01 0.0424
    1.3756E+00   2.29024E+01 0.0429
    1.3854E+00   2.43364E+01 0.0416
    1.3951E+00   2.25650E+01 0.0432
    1.4049E+00   2.28602E+01 0.0430
    1.4146E+00   2.26915E+01 0.0431
    1.4244E+00   2.22697E+01 0.0435
    1.4341E+00   2.14684E+01 0.0443
    1.4439E+00   2.33664E+01 0.0425
    1.4537E+00   2.18480E+01 0.0439
    1.4634E+00   2.13840E+01 0.0444
    1.4732E+00   2.37038E+01 0.0422
    1.4829E+00   2.09201E+01 0.0449
    1.4927E+00   1.94017E+01 0.0466
    1.5024E+00   2.15949E+01 0.0442
    1.5122E+00   1.86003E+01 0.0476
    1.5220E+00   1.99500E+01 0.0460
    1.5317E+00   2.14684E+01 0.0443
    1.5415E+00   2.02874E+01 0.0456
    1.5512E+00   1.81363E+01 0.0482
    1.5610E+00   1.86846E+01 0.0475
    1.5707E+00   1.91486E+01 0.0469
    1.5805E+00   1.76724E+01 0.0489
    1.5902E+00   1.91486E+01 0.0469
    1.6000E+00   1.78833E+01 0.0486
    1.6098E+00   2.01187E+01 0.0458
    1.6195E+00   1.90642E+01 0.0470
    1.6293E+00   1.88955E+01 0.0472
    1.6390E+00   1.81363E+01 0.0482
    1.6488E+00   1.96969E+01 0.0463
    1.6585E+00   1.80942E+01 0.0483
    1.6683E+00   1.82629E+01 0.0481
    1.6780E+00   1.88112E+01 0.0474
    1.6878E+00   1.90221E+01 0.0471
    1.6976E+00   1.65758E+01 0.0504
    1.7073E+00   2.20588E+01 0.0437
    1.7171E+00   1.83894E+01 0.0479
    1.7268E+00   3.20971E+01 0.0362
    1.7366E+00   1.83472E+01 0.0479
    1.7463E+00   1.71241E+01 0.0496
    1.7561E+00   1.43825E+01 0.0542
    1.7659E+00   1.74615E+01 0.0491
    1.7756E+00   1.60275E+01 0.0513
    1.7854E+00   1.62805E+01 0.0509
    1.7951E+00   1.61962E+01 0.0510
    1.8049E+00   1.68710E+01 0.0500
    1.8146E+00   1.73350E+01 0.0493
    1.8244E+00   1.61118E+01 0.0512
    1.8341E+00   1.51839E+01 0.0527
    1.8439E+00   1.63227E+01 0.0508
    1.8537E+00   1.74193E+01 0.0492
    1.8634E+00   1.67867E+01 0.0501
    1.8732E+00   1.63649E+01 0.0508
    1.8829E+00   1.50574E+01 0.0529
    1.8927E+00   1.49730E+01 0.0531
    1.9024E+00   1.61962E+01 0.0510
    1.9122E+00   1.56900E+01 0.0518
    1.9220E+00   1.69554E+01 0.0499
    1.9317E+00   1.66601E+01 0.0503
    1.9415E+00   1.55213E+01 0.0521
    1.9512E+00   1.60696E+01 0.0512
    1.9610E+00   1.51839E+01 0.0527
    1.9707E+00   1.51839E+01 0.0527
    1.9805E+00   1.60696E+01 0.0512
    1.9902E+00   1.64914E+01 0.0506
    2.0000E+00   1.36655E+01 0.0556
    2.0098E+00   1.34125E+01 0.0561
    2.0195E+00   1.20628E+01 0.0591
    2.0293E+00   1.53526E+01 0.0524
    2.0390E+00   1.41717E+01 0.0546
    2.0488E+00   1.42982E+01 0.0543
    2.0585E+00   1.34546E+01 0.0560
    2.0683E+00   1.24002E+01 0.0583
    2.0780E+00   1.32437E+01 0.0564
    2.0878E+00   1.30750E+01 0.0568
    2.0976E+00   1.35812E+01 0.0557
    2.1073E+00   1.31594E+01 0.0566
    2.1171E+00   1.26533E+01 0.0577
    2.1268E+00   1.25267E+01 0.0580
    2.1366E+00   1.36655E+01 0.0556
    2.1463E+00   1.48043E+01 0.0534
    2.1561E+00   1.17675E+01 0.0599
    2.1659E+00   1.21471E+01 0.0589
    2.1756E+00   1.32016E+01 0.0565
    2.1854E+00   1.22315E+01 0.0587
    2.1951E+00   1.07974E+01 0.0625
    2.2049E+00   1.27376E+01 0.0575
    2.2146E+00   4.19245E+01 0.0317
    2.2244E+00   1.25267E+01 0.0580
    2.2341E+00   1.19784E+01 0.0593
    2.2439E+00   1.41295E+01 0.0546
    2.2537E+00   1.27798E+01 0.0574
    2.2634E+00   1.26954E+01 0.0576
    2.2732E+00   1.16410E+01 0.0602
    2.2829E+00   1.23158E+01 0.0585
    2.2927E+00   1.16832E+01 0.0601
    2.3024E+00   1.28220E+01 0.0574
    2.3122E+00   1.06287E+01 0.0630
    2.3220E+00   1.22737E+01 0.0586
    2.3317E+00   1.24845E+01 0.0581
    2.3415E+00   1.10083E+01 0.0619
    2.3512E+00   1.09240E+01 0.0621
    2.3610E+00   1.11349E+01 0.0615
    2.3707E+00   1.07974E+01 0.0625
    2.3805E+00   1.13036E+01 0.0611
    2.3902E+00   1.04600E+01 0.0635
    2.4000E+00   1.08396E+01 0.0624
    2.4098E+00   1.01648E+01 0.0644
    2.4195E+00   1.11349E+01 0.0615
    2.4293E+00   1.14723E+01 0.0606
    2.4390E+00   1.11349E+01 0.0615
    2.4488E+00   9.23688E+00 0.0676
    2.4585E+00   1.13879E+01 0.0609
    2.4683E+00   1.07553E+01 0.0626
    2.4780E+00   1.36233E+01 0.0556
    2.4878E+00   1.13458E+01 0.0610
    2.4976E+00   1.51417E+01 0.0528
    2.5073E+00   9.74301E+00 0.0658
    2.5171E+00   9.99607E+00 0.0650
    2.5268E+00   1.02913E+01 0.0640
    2.5366E+00   9.70083E+00 0.0659
    2.5463E+00   9.65865E+00 0.0661
    2.5561E+00   1.03335E+01 0.0639
    2.5659E+00   9.53212E+00 0.0665
    2.5756E+00   9.70083E+00 0.0659
    2.5854E+00   1.08396E+01 0.0624
    2.5951E+00   1.05022E+01 0.0634
    2.6049E+00   1.01226E+01 0.0645
    2.6146E+00   9.06817E+00 0.0682
    2.6244E+00   9.27906E+00 0.0674
    2.6341E+00   1.06287E+01 0.0630
    2.6439E+00   9.40559E+00 0.0670
    2.6537E+00   8.51986E+00 0.0704
    2.6634E+00   9.44777E+00 0.0668
    2.6732E+00   9.86954E+00 0.0654
    2.6829E+00   1.05866E+01 0.0631
    2.6927E+00   9.86954E+00 0.0654
    2.7024E+00   9.06817E+00 0.0682
    2.7122E+00   8.68857E+00 0.0697
    2.7220E+00   8.81510E+00 0.0692
    2.7317E+00   9.06817E+00 0.0682
    2.7415E+00   1.18519E+01 0.0597
    2.7512E+00   8.35115E+00 0.0711
    2.7610E+00   8.35115E+00 0.0711
    2.7707E+00   7.88720E+00 0.0731
    2.7805E+00   8.77293E+00 0.0693
    2.7902E+00   8.85728E+00 0.0690
    2.8000E+00   7.71849E+00 0.0739
    2.8098E+00   8.22462E+00 0.0716
    2.8195E+00   8.18244E+00 0.0718
    2.8293E+00   8.05591E+00 0.0724
    2.8390E+00   9.86954E+00 0.0654
    2.8488E+00   7.88720E+00 0.0731
    2.8585E+00   7.88720E+00 0.0731
    2.8683E+00   9.27906E+00 0.0674
    2.8780E+00   8.22462E+00 0.0716
    2.8878E+00   8.22462E+00 0.0716
    2.8976E+00   9.15252E+00 0.0679
    2.9073E+00   7.42325E+00 0.0754
    2.9171E+00   6.91711E+00 0.0781
    2.9268E+00   7.76067E+00 0.0737
    2.9366E+00   7.88720E+00 0.0731
    2.9463E+00   7.97155E+00 0.0727
    2.9561E+00   6.41098E+00 0.0811
    2.9659E+00   7.80284E+00 0.0735
    2.9756E+00   7.17018E+00 0.0767
    2.9854E+00   1.45934E+01 0.0538
    2.9951E+00   7.59196E+00 0.0745
    3.0049E+00   2.35772E+01 0.0423
    3.0146E+00   6.95929E+00 0.0778
    3.0244E+00   7.38107E+00 0.0756
    3.0341E+00   6.62187E+00 0.0798
    3.0439E+00   7.12800E+00 0.0769
    3.0537E+00   7.54978E+00 0.0747
    3.0634E+00   6.15792E+00 0.0828
    3.0732E+00   7.04365E+00 0.0774
    3.0829E+00   8.01373E+00 0.0725
    3.0927E+00   7.38107E+00 0.0756
    3.1024E+00   7.50760E+00 0.0750
    3.1122E+00   6.36881E+00 0.0814
    3.1220E+00   6.28445E+00 0.0819
    3.1317E+00   7.25454E+00 0.0762
    3.1415E+00   6.32663E+00 0.0816
    3.1512E+00   7.21236E+00 0.0765
    3.1610E+00   6.95929E+00 0.0778
    3.1707E+00   6.95929E+00 0.0778
    3.1805E+00   6.66405E+00 0.0796
    3.1902E+00   6.83276E+00 0.0786
    3.2000E+00   6.03139E+00 0.0836
    3.2098E+00   6.62187E+00 0.0798
    3.2195E+00   6.20010E+00 0.0825
    3.2293E+00   6.32663E+00 0.0816
    3.2390E+00   6.49534E+00 0.0806
    3.2488E+00   7.04365E+00 0.0774
    3.2585E+00   6.41098E+00 0.0811
    3.2683E+00   6.95929E+00 0.0778
    3.2780E+00   5.44090E+00 0.0880
    3.2878E+00   7.08583E+00 0.0772
    3.2976E+00   5.90485E+00 0.0845
    3.3073E+00   5.86268E+00 0.0848
    3.3171E+00   6.24227E+00 0.0822
    3.3268E+00   5.82050E+00 0.0851
    3.3366E+00   6.20010E+00 0.0825
    3.3463E+00   6.24227E+00 0.0822
    3.3561E+00   5.82050E+00 0.0851
    3.3659E+00   5.48308E+00 0.0877
    3.3756E+00   6.32663E+00 0.0816
    3.3854E+00   6.28445E+00 0.0819
    3.3951E+00   6.45316E+00 0.0808
    3.4049E+00   5.39872E+00 0.0884
    3.4146E+00   5.69397E+00 0.0861
    3.4244E+00   5.94703E+00 0.0842
    3.4341E+00   5.18784E+00 0.0902
    3.4439E+00   6.20010E+00 0.0825
    3.4537E+00   7.12800E+00 0.0769
    3.4634E+00   4.51300E+00 0.0967
    3.4732E+00   6.32663E+00 0.0816
    3.4829E+00   5.39872E+00 0.0884
    3.4927E+00   4.80824E+00 0.0937
    3.5024E+00   5.10348E+00 0.0909
    3.5122E+00   5.73614E+00 0.0857
    3.5220E+00   5.18784E+00 0.0902
    3.5317E+00   4.42864E+00 0.0976
    3.5415E+00   5.98921E+00 0.0839
    3.5512E+00   5.44090E+00 0.0880
    3.5610E+00   5.44090E+00 0.0880
    3.5707E+00   4.89259E+00 0.0928
    3.5805E+00   5.10348E+00 0.0909
    3.5902E+00   5.39872E+00 0.0884
    3.6000E+00   5.27219E+00 0.0894
    3.6098E+00   5.23001E+00 0.0898
    3.6195E+00   5.56743E+00 0.0870
    3.6293E+00   5.23001E+00 0.0898
    3.6390E+00   5.14566E+00 0.0905
    3.6488E+00   5.01913E+00 0.0917
    3.6585E+00   4.85042E+00 0.0933
    3.6683E+00   5.31437E+00 0.0891
    3.6780E+00   5.27219E+00 0.0894
    3.6878E+00   5.31437E+00 0.0891
    3.6976E+00   5.44090E+00 0.0880
    3.7073E+00   6.28445E+00 0.0819
    3.7171E+00   4.80824E+00 0.0937
    3.7268E+00   4.55517E+00 0.0962
    3.7366E+00   5.60961E+00 0.0867
    3.7463E+00   5.14566E+00 0.0905
    3.7561E+00   4.55517E+00 0.0962
    3.7659E+00   4.80824E+00 0.0937
    3.7756E+00   4.68171E+00 0.0949
    3.7854E+00   5.82050E+00 0.0851
    3.7951E+00   5.06130E+00 0.0913
    3.8049E+00   3.96469E+00 0.1031
    3.8146E+00   5.18784E+00 0.0902
    3.8244E+00   5.60961E+00 0.0867
    3.8341E+00   4.72388E+00 0.0945
    3.8439E+00   6.36881E+00 0.0814
    3.8537E+00   5.18784E+00 0.0902
    3.8634E+00   4.25993E+00 0.0995
    3.8732E+00   4.42864E+00 0.0976
    3.8829E+00   4.63953E+00 0.0953
    3.8927E+00   3.75380E+00 0.1060
    3.9024E+00   5.18784E+00 0.0902
    3.9122E+00   4.21775E+00 0.1000
    3.9220E+00   4.30211E+00 0.0990
    3.9317E+00   4.63953E+00 0.0953
    3.9415E+00   4.68171E+00 0.0949
    3.9512E+00   4.04904E+00 0.1021
    3.9610E+00   4.68171E+00 0.0949
    3.9707E+00   3.96469E+00 0.1031
    3.9805E+00   4.13340E+00 0.1010
    3.9902E+00   4.34429E+00 0.0985
    4.0000E+00   4.55517E+00 0.0962
    4.0098E+00   4.47082E+00 0.0971
    4.0195E+00   4.38646E+00 0.0981
    4.0293E+00   5.14566E+00 0.0905
    4.0390E+00   3.83816E+00 0.1048
    4.0488E+00   4.17558E+00 0.1005
    4.0585E+00   4.55517E+00 0.0962
    4.0683E+00   4.09122E+00 0.1015
    4.0780E+00   4.13340E+00 0.1010
    4.0878E+00   3.62727E+00 0.1078
    4.0976E+00   2.74154E+00 0.1240
    4.1073E+00   4.51300E+00 0.0967
    4.1171E+00   4.42864E+00 0.0976
    4.1268E+00   3.41638E+00 0.1111
    4.1366E+00   3.41638E+00 0.1111
    4.1463E+00   4.34429E+00 0.0985
    4.1561E+00   3.24767E+00 0.1140
    4.1659E+00   3.62727E+00 0.1078
    4.1756E+00   3.75380E+00 0.1060
    4.1854E+00   3.66945E+00 0.1072
    4.1951E+00   3.54291E+00 0.1091
    4.2049E+00   3.03678E+00 0.1179
    4.2146E+00   3.83816E+00 0.1048
    4.2244E+00   3.88033E+00 0.1043
    4.2341E+00   3.66945E+00 0.1072
    4.2439E+00   3.83816E+00 0.1048
    4.2537E+00   4.13340E+00 0.1010
    4.2634E+00   4.59735E+00 0.0958
    4.2732E+00   3.50073E+00 0.1098
    4.2829E+00   3.20549E+00 0.1147
    4.2927E+00   4.04904E+00 0.1021
    4.3024E+00   3.12114E+00 0.1162
    4.3122E+00   4.21775E+00 0.1000
    4.3220E+00   4.21775E+00 0.1000
    4.3317E+00   3.58509E+00 0.1085
    4.3415E+00   4.25993E+00 0.0995
    4.3512E+00   3.62727E+00 0.1078
    4.3610E+00   3.75380E+00 0.1060
    4.3707E+00   3.41638E+00 0.1111
    4.3805E+00   4.30211E+00 0.0990
    4.3902E+00   3.41638E+00 0.1111
    4.4000E+00   3.50073E+00 0.1098
    4.4098E+00   3.24767E+00 0.1140
    4.4195E+00   4.25993E+00 0.0995
    4.4293E+00   3.41638E+00 0.1111
    4.4390E+00   3.33202E+00 0.1125
    4.4488E+00   3.07896E+00 0.1170
    4.4585E+00   3.45856E+00 0.1104
    4.4683E+00   3.66945E+00 0.1072
    4.4780E+00   3.96469E+00 0.1031
    4.4878E+00   4.34429E+00 0.0985
    4.4976E+00   3.71162E+00 0.1066
    4.5073E+00   2.95243E+00 0.1195
    4.5171E+00   3.24767E+00 0.1140
    4.5268E+00   3.66945E+00 0.1072
    4.5366E+00   3.54291E+00 0.1091
    4.5463E+00   3.50073E+00 0.1098
    4.5561E+00   3.07896E+00 0.1170
    4.5659E+00   3.28985E+00 0.1132
    4.5756E+00   2.57283E+00 0.1280
    4.5854E+00   2.91025E+00 0.1204
    4.5951E+00   2.74154E+00 0.1240
    4.6049E+00   3.58509E+00 0.1085
    4.6146E+00   3.41638E+00 0.1111
    4.6244E+00   2.78372E+00 0.1231
    4.6341E+00   2.91025E+00 0.1204
    4.6439E+00   3.41638E+00 0.1111
    4.6537E+00   3.58509E+00 0.1085
    4.6634E+00   3.03678E+00 0.1179
    4.6732E+00   2.91025E+00 0.1204
    4.6829E+00   3.45856E+00 0.1104
    4.6927E+00   2.99460E+00 0.1187
    4.7024E+00   3.03678E+00 0.1179
    4.7122E+00   2.69936E+00 0.1250
    4.7220E+00   2.78372E+00 0.1231
    4.7317E+00   3.16331E+00 0.1155
    4.7415E+00   3.12114E+00 0.1162
    4.7512E+00   3.07896E+00 0.1170
    4.7610E+00   3.20549E+00 0.1147
    4.7707E+00   3.12114E+00 0.1162
    4.7805E+00   3.12114E+00 0.1162
    4.7902E+00   3.45856E+00 0.1104
    4.8000E+00   2.74154E+00 0.1240
    4.8098E+00   3.28985E+00 0.1132
    4.8195E+00   2.82589E+00 0.1222
    4.8293E+00   2.82589E+00 0.1222
    4.8390E+00   2.57283E+00 0.1280
    4.8488E+00   2.31976E+00 0.1348
    4.8585E+00   2.95243E+00 0.1195
    4.8683E+00   3.41638E+00 0.1111
    4.8780E+00   2.99460E+00 0.1187
    4.8878E+00   2.57283E+00 0.1280
    4.8976E+00   3.20549E+00 0.1147
    4.9073E+00   2.74154E+00 0.1240
    4.9171E+00   2.74154E+00 0.1240
    4.9268E+00   2.91025E+00 0.1204
    4.9366E+00   2.36194E+00 0.1336
    4.9463E+00   2.65718E+00 0.1260
    4.9561E+00   2.65718E+00 0.1260
    4.9659E+00   2.99460E+00 0.1187
    4.9756E+00   3.20549E+00 0.1147
    4.9854E+00   3.50073E+00 0.1098
    4.9951E+00   2.61501E+00 0.1270
    5.0049E+00   2.44630E+00 0.1313
    5.0146E+00   2.23541E+00 0.1374
    5.0244E+00   2.65718E+00 0.1260
    5.0341E+00   2.57283E+00 0.1280
    5.0439E+00   2.27759E+00 0.1361
    5.0537E+00   2.99460E+00 0.1187
    5.0634E+00   3.12114E+00 0.1162
    5.0732E+00   3.12114E+00 0.1162
    5.0829E+00   3.20549E+00 0.1147
    5.0927E+00   2.06670E+00 0.1429
    5.1024E+00   2.65718E+00 0.1260
    5.1122E+00   2.65718E+00 0.1260
    5.1220E+00   2.53065E+00 0.1291
    5.1317E+00   2.61501E+00 0.1270
    5.1415E+00   2.10888E+00 0.1414
    5.1512E+00   2.44630E+00 0.1313
    5.1610E+00   2.65718E+00 0.1260
    5.1707E+00   2.44630E+00 0.1313
    5.1805E+00   2.44630E+00 0.1313
    5.1902E+00   2.99460E+00 0.1187
    5.2000E+00   2.74154E+00 0.1240
    5.2098E+00   2.82589E+00 0.1222
    5.2195E+00   2.27759E+00 0.1361
    5.2293E+00   2.82589E+00 0.1222
    5.2390E+00   3.03678E+00 0.1179
    5.2488E+00   2.15105E+00 0.1400
    5.2585E+00   2.53065E+00 0.1291
    5.2683E+00   2.31976E+00 0.1348
    5.2780E+00   2.40412E+00 0.1325
    5.2878E+00   2.10888E+00 0.1414
    5.2976E+00   3.12114E+00 0.1162
    5.3073E+00   2.23541E+00 0.1374
    5.3171E+00   2.78372E+00 0.1231
    5.3268E+00   2.44630E+00 0.1313
    5.3366E+00   2.57283E+00 0.1280
    5.3463E+00   1.98234E+00 0.1459
    5.3561E+00   2.99460E+00 0.1187
    5.3659E+00   1.81363E+00 0.1525
    5.3756E+00   2.65718E+00 0.1260
    5.3854E+00   1.98234E+00 0.1459
    5.3951E+00   2.15105E+00 0.1400
    5.4049E+00   2.23541E+00 0.1374
    5.4146E+00   2.02452E+00 0.1443
    5.4244E+00   2.91025E+00 0.1204
    5.4341E+00   2.27759E+00 0.1361
    5.4439E+00   2.06670E+00 0.1429
    5.4537E+00   2.53065E+00 0.1291
    5.4634E+00   2.36194E+00 0.1336
    5.4732E+00   2.61501E+00 0.1270
    5.4829E+00   2.65718E+00 0.1260
    5.4927E+00   2.65718E+00 0.1260
    5.5024E+00   2.10888E+00 0.1414
    5.5122E+00   2.27759E+00 0.1361
    5.5220E+00   2.95243E+00 0.1195
    5.5317E+00   2.61501E+00 0.1270
    5.5415E+00   2.48847E+00 0.1302
    5.5512E+00   2.19323E+00 0.1387
    5.5610E+00   2.36194E+00 0.1336
    5.5707E+00   2.36194E+00 0.1336
    5.5805E+00   2.06670E+00 0.1429
    5.5902E+00   1.94017E+00 0.1474
    5.6000E+00   2.02452E+00 0.1443
    5.6098E+00   1.56057E+00 0.1644
    5.6195E+00   2.82589E+00 0.1222
    5.6293E+00   2.40412E+00 0.1325
    5.6390E+00   1.81363E+00 0.1525
    5.6488E+00   2.06670E+00 0.1429
    5.6585E+00   2.23541E+00 0.1374
    5.6683E+00   2.23541E+00 0.1374
    5.6780E+00   1.94017E+00 0.1474
    5.6878E+00   2.61501E+00 0.1270
    5.6976E+00   2.23541E+00 0.1374
    5.7073E+00   2.27759E+00 0.1361
    5.7171E+00   2.36194E+00 0.1336
    5.7268E+00   2.36194E+00 0.1336
    5.7366E+00   2.23541E+00 0.1374
    5.7463E+00   2.06670E+00 0.1429
    5.7561E+00   2.36194E+00 0.1336
    5.7659E+00   1.94017E+00 0.1474
    5.7756E+00   1.94017E+00 0.1474
    5.7854E+00   2.23541E+00 0.1374
    5.7951E+00   1.89799E+00 0.1491
    5.8049E+00   1.72928E+00 0.1562
    5.8146E+00   1.98234E+00 0.1459
    5.8244E+00   1.51839E+00 0.1667
    5.8341E+00   2.02452E+00 0.1443
    5.8439E+00   1.77146E+00 0.1543
    5.8537E+00   1.98234E+00 0.1459
    5.8634E+00   2.15105E+00 0.1400
    5.8732E+00   1.60275E+00 0.1622
    5.8829E+00   2.10888E+00 0.1414
    5.8927E+00   2.19323E+00 0.1387
    5.9024E+00   1.98234E+00 0.1459
    5.9122E+00   2.36194E+00 0.1336
    5.9220E+00   1.77146E+00 0.1543
    5.9317E+00   1.56057E+00 0.1644
    5.9415E+00   2.69936E+00 0.1250
    5.9512E+00   1.68710E+00 0.1581
    5.9610E+00   1.98234E+00 0.1459
    5.9707E+00   1.68710E+00 0.1581
    5.9805E+00   1.94017E+00 0.1474
    5.9902E+00   1.98234E+00 0.1459
    6.0000E+00   1.89799E+00 0.1491
    6.0098E+00   2.27759E+00 0.1361
    6.0195E+00   1.72928E+00 0.1562
    6.0293E+00   2.06670E+00 0.1429
    6.0390E+00   2.10888E+00 0.1414
    6.0488E+00   1.51839E+00 0.1667
    6.0585E+00   1.98234E+00 0.1459
    6.0683E+00   2.23541E+00 0.1374
    6.0780E+00   1.77146E+00 0.1543
    6.0878E+00   2.19323E+00 0.1387
    6.0976E+00   1.43404E+00 0.1715
    6.1073E+00   1.64492E+00 0.1601
    6.1171E+00   1.85581E+00 0.1508
    6.1268E+00   2.23541E+00 0.1374
    6.1366E+00   2.23541E+00 0.1374
    6.1463E+00   1.56057E+00 0.1644
    6.1561E+00   2.10888E+00 0.1414
    6.1659E+00   1.60275E+00 0.1622
    6.1756E+00   1.68710E+00 0.1581
    6.1854E+00   2.31976E+00 0.1348
    6.1951E+00   1.64492E+00 0.1601
    6.2049E+00   1.64492E+00 0.1601
    6.2146E+00   2.06670E+00 0.1429
    6.2244E+00   2.27759E+00 0.1361
    6.2341E+00   1.47621E+00 0.1690
    6.2439E+00   1.89799E+00 0.1491
    6.2537E+00   1.89799E+00 0.1491
    6.2634E+00   2.15105E+00 0.1400
    6.2732E+00   1.85581E+00 0.1508
    6.2829E+00   1.94017E+00 0.1474
    6.2927E+00   1.98234E+00 0.1459
    6.3024E+00   1.68710E+00 0.1581
    6.3122E+00   1.77146E+00 0.1543
    6.3220E+00   1.60275E+00 0.1622
    6.3317E+00   2.23541E+00 0.1374
    6.3415E+00   1.68710E+00 0.1581
    6.3512E+00   1.72928E+00 0.1562
    6.3610E+00   1.13879E+00 0.1925
    6.3707E+00   1.94017E+00 0.1474
    6.3805E+00   1.39186E+00 0.1741
    6.3902E+00   1.94017E+00 0.1474
    6.4000E+00   2.15105E+00 0.1400
    6.4098E+00   1.72928E+00 0.1562
    6.4195E+00   1.26533E+00 0.1826
    6.4293E+00   1.64492E+00 0.1601
    6.4390E+00   1.51839E+00 0.1667
    6.4488E+00   1.98234E+00 0.1459
    6.4585E+00   1.89799E+00 0.1491
    6.4683E+00   1.60275E+00 0.1622
    6.4780E+00   1.81363E+00 0.1525
    6.4878E+00   1.77146E+00 0.1543
    6.4976E+00   2.10888E+00 0.1414
    6.5073E+00   1.85581E+00 0.1508
    6.5171E+00   2.10888E+00 0.1414
    6.5268E+00   1.56057E+00 0.1644
    6.5366E+00   1.01226E+00 0.2041
    6.5463E+00   1.72928E+00 0.1562
    6.5561E+00   2.31976E+00 0.1348
    6.5659E+00   1.43404E+00 0.1715
    6.5756E+00   1.77146E+00 0.1543
    6.5854E+00   1.39186E+00 0.1741
    6.5951E+00   1.68710E+00 0.1581
    6.6049E+00   1.68710E+00 0.1581
    6.6146E+00   1.39186E+00 0.1741
    6.6244E+00   1.22315E+00 0.1857
    6.6341E+00   1.77146E+00 0.1543
    6.6439E+00   1.72928E+00 0.1562
    6.6537E+00   1.77146E+00 0.1543
    6.6634E+00   2.31976E+00 0.1348
    6.6732E+00   1.68710E+00 0.1581
    6.6829E+00   1.64492E+00 0.1601
    6.6927E+00   2.10888E+00 0.1414
    6.7024E+00   2.02452E+00 0.1443
    6.7122E+00   2.10888E+00 0.1414
    6.7220E+00   1.81363E+00 0.1525
    6.7317E+00   1.60275E+00 0.1622
    6.7415E+00   1.34968E+00 0.1768
    6.7512E+00   1.89799E+00 0.1491
    6.7610E+00   1.64492E+00 0.1601
    6.7707E+00   1.77146E+00 0.1543
    6.7805E+00   1.77146E+00 0.1543
    6.7902E+00   9.27906E-01 0.2132
    6.8000E+00   1.77146E+00 0.1543
    6.8098E+00   1.77146E+00 0.1543
    6.8195E+00   1.89799E+00 0.1491
    6.8293E+00   1.98234E+00 0.1459
    6.8390E+00   1.77146E+00 0.1543
    6.8488E+00   2.06670E+00 0.1429
    6.8585E+00   1.81363E+00 0.1525
    6.8683E+00   1.89799E+00 0.1491
    6.8780E+00   1.94017E+00 0.1474
    6.8878E+00   1.64492E+00 0.1601
    6.8976E+00   1.68710E+00 0.1581
    6.9073E+00   1.94017E+00 0.1474
    6.9171E+00   1.56057E+00 0.1644
    6.9268E+00   1.98234E+00 0.1459
    6.9366E+00   2.19323E+00 0.1387
    6.9463E+00   2.95243E+00 0.1195
    6.9561E+00   1.94017E+00 0.1474
    6.9659E+00   2.36194E+00 0.1336
    6.9756E+00   2.15105E+00 0.1400
    6.9854E+00   2.06670E+00 0.1429
    6.9951E+00   1.60275E+00 0.1622
    7.0049E+00   2.02452E+00 0.1443
    7.0146E+00   1.39186E+00 0.1741
    7.0244E+00   1.39186E+00 0.1741
    7.0341E+00   2.19323E+00 0.1387
    7.0439E+00   2.02452E+00 0.1443
    7.0537E+00   1.98234E+00 0.1459
    7.0634E+00   1.72928E+00 0.1562
    7.0732E+00   1.89799E+00 0.1491
    7.0829E+00   2.10888E+00 0.1414
    7.0927E+00   1.89799E+00 0.1491
    7.1024E+00   1.43404E+00 0.1715
    7.1122E+00   2.31976E+00 0.1348
    7.1220E+00   1.56057E+00 0.1644
    7.1317E+00   1.77146E+00 0.1543
    7.1415E+00   1.77146E+00 0.1543
    7.1512E+00   1.51839E+00 0.1667
    7.1610E+00   1.39186E+00 0.1741
    7.1707E+00   1.81363E+00 0.1525
    7.1805E+00   1.85581E+00 0.1508
    7.1902E+00   1.94017E+00 0.1474
    7.2000E+00   1.64492E+00 0.1601
    7.2098E+00   1.47621E+00 0.1690
    7.2195E+00   1.94017E+00 0.1474
    7.2293E+00   1.81363E+00 0.1525
    7.2390E+00   1.94017E+00 0.1474
    7.2488E+00   1.43404E+00 0.1715
    7.2585E+00   1.56057E+00 0.1644
    7.2683E+00   1.77146E+00 0.1543
    7.2780E+00   1.51839E+00 0.1667
    7.2878E+00   1.72928E+00 0.1562
    7.2976E+00   1.56057E+00 0.1644
    7.3073E+00   1.85581E+00 0.1508
    7.3171E+00   1.77146E+00 0.1543
    7.3268E+00   2.02452E+00 0.1443
    7.3366E+00   1.81363E+00 0.1525
    7.3463E+00   2.10888E+00 0.1414
    7.3561E+00   1.68710E+00 0.1581
    7.3659E+00   1.68710E+00 0.1581
    7.3756E+00   1.72928E+00 0.1562
    7.3854E+00   1.98234E+00 0.1459
    7.3951E+00   1.81363E+00 0.1525
    7.4049E+00   1.72928E+00 0.1562
    7.4146E+00   1.72928E+00 0.1562
    7.4244E+00   2.02452E+00 0.1443
    7.4341E+00   1.56057E+00 0.1644
    7.4439E+00   1.77146E+00 0.1543
    7.4537E+00   2.23541E+00 0.1374
    7.4634E+00   1.34968E+00 0.1768
    7.4732E+00   1.51839E+00 0.1667
    7.4829E+00   1.94017E+00 0.1474
    7.4927E+00   1.51839E+00 0.1667
    7.5024E+00   1.68710E+00 0.1581
    7.5122E+00   1.56057E+00 0.1644
    7.5220E+00   1.18097E+00 0.1890
    7.5317E+00   1.51839E+00 0.1667
    7.5415E+00   1.77146E+00 0.1543
    7.5512E+00   1.60275E+00 0.1622
    7.5610E+00   1.60275E+00 0.1622
    7.5707E+00   1.51839E+00 0.1667
    7.5805E+00   1.64492E+00 0.1601
    7.5902E+00   1.30750E+00 0.1796
    7.6000E+00   1.47621E+00 0.1690
    7.6098E+00   1.18097E+00 0.1890
    7.6195E+00   1.39186E+00 0.1741
    7.6293E+00   1.18097E+00 0.1890
    7.6390E+00   1.77146E+00 0.1543
    7.6488E+00   1.72928E+00 0.1562
    7.6585E+00   1.34968E+00 0.1768
    7.6683E+00   1.43404E+00 0.1715
    7.6780E+00   1.01226E+00 0.2041
    7.6878E+00   9.70083E-01 0.2085
    7.6976E+00   1.05444E+00 0.2000
    7.7073E+00   1.30750E+00 0.1796
    7.7171E+00   1.39186E+00 0.1741
    7.7268E+00   1.18097E+00 0.1890
    7.7366E+00   1.13879E+00 0.1925
    7.7463E+00   1.09662E+00 0.1961
    7.7561E+00   1.01226E+00 0.2041
    7.7659E+00   1.43404E+00 0.1715
    7.7756E+00   1.39186E+00 0.1741
    7.7854E+00   1.22315E+00 0.1857
    7.7951E+00   1.05444E+00 0.2000
    7.8049E+00   1.05444E+00 0.2000
    7.8146E+00   8.43551E-01 0.2236
    7.8244E+00   8.85728E-01 0.2182
    7.8341E+00   1.26533E+00 0.1826
    7.8439E+00   1.01226E+00 0.2041
    7.8537E+00   1.05444E+00 0.2000
    7.8634E+00   5.48308E-01 0.2774
    7.8732E+00   9.70083E-01 0.2085
    7.8829E+00   9.27906E-01 0.2132
    7.8927E+00   9.27906E-01 0.2132
    7.9024E+00   1.05444E+00 0.2000
    7.9122E+00   7.17018E-01 0.2425
    7.9220E+00   6.32663E-01 0.2582
    7.9317E+00   5.48308E-01 0.2774
    7.9415E+00   1.34968E+00 0.1768
    7.9512E+00   8.01373E-01 0.2294
    7.9610E+00   9.70083E-01 0.2085
    7.9707E+00   1.09662E+00 0.1961
    7.9805E+00   1.09662E+00 0.1961
    7.9902E+00   1.05444E+00 0.2000
    8.0000E+00   1.09662E+00 0.1961
    8.0098E+00   1.01226E+00 0.2041
    8.0195E+00   9.70083E-01 0.2085
    8.0293E+00   5.90485E-01 0.2673
    8.0390E+00   6.32663E-01 0.2582
    8.0488E+00   8.43551E-01 0.2236
    8.0585E+00   8.43551E-01 0.2236
    8.0683E+00   7.17018E-01 0.2425
    8.0780E+00   8.85728E-01 0.2182
    8.0878E+00   4.21775E-01 0.3162
    8.0976E+00   5.06130E-01 0.2887
    8.1073E+00   5.90485E-01 0.2673
    8.1171E+00   5.90485E-01 0.2673
    8.1268E+00   7.17018E-01 0.2425
    8.1366E+00   7.17018E-01 0.2425
    8.1463E+00   5.48308E-01 0.2774
    8.1561E+00   5.06130E-01 0.2887
    8.1659E+00   7.59196E-01 0.2357
    8.1756E+00   3.79598E-01 0.3333
    8.1854E+00   5.90485E-01 0.2673
    8.1951E+00   3.79598E-01 0.3333
    8.2049E+00   5.06130E-01 0.2887
    8.2146E+00   4.21775E-01 0.3162
    8.2244E+00   5.06130E-01 0.2887
    8.2341E+00   5.06130E-01 0.2887
    8.2439E+00   3.37420E-01 0.3536
    8.2537E+00   5.06130E-01 0.2887
    8.2634E+00   4.63953E-01 0.3015
    8.2732E+00   5.48308E-01 0.2774
    8.2829E+00   4.63953E-01 0.3015
    8.2927E+00   3.79598E-01 0.3333
    8.3024E+00   4.63953E-01 0.3015
    8.3122E+00   3.79598E-01 0.3333
    8.3220E+00   3.79598E-01 0.3333
    8.3317E+00   3.37420E-01 0.3536
    8.3415E+00   4.21775E-01 0.3162
    8.3512E+00   5.06130E-01 0.2887
    8.3610E+00   2.95243E-01 0.3780
    8.3707E+00   2.53065E-01 0.4082
    8.3805E+00   2.95243E-01 0.3780
    8.3902E+00   7.59196E-01 0.2357
    8.4000E+00   5.06130E-01 0.2887
    8.4098E+00   5.48308E-01 0.2774
    8.4195E+00   3.37420E-01 0.3536
    8.4293E+00   3.37420E-01 0.3536
    8.4390E+00   4.63953E-01 0.3015
    8.4488E+00   2.53065E-01 0.4082
    8.4585E+00   5.06130E-01 0.2887
    8.4683E+00   3.37420E-01 0.3536
    8.4780E+00   8.43551E-02 0.7071
    8.4878E+00   1.26533E-01 0.5774
    8.4976E+00   2.10888E-01 0.4472
    8.5073E+00   4.21775E-01 0.3162
    8.5171E+00   4.21775E-01 0.3162
    8.5268E+00   1.68710E-01 0.5000
    8.5366E+00   8.43551E-02 0.7071
    8.5463E+00   3.37420E-01 0.3536
    8.5561E+00   1.26533E-01 0.5774
    8.5659E+00   2.10888E-01 0.4472
    8.5756E+00   2.10888E-01 0.4472
    8.5854E+00   2.95243E-01 0.3780
    8.5951E+00   3.79598E-01 0.3333
    8.6049E+00   4.21775E-02 1.0000
    8.6146E+00   2.95243E-01 0.3780
    8.6244E+00   2.95243E-01 0.3780
    8.6341E+00   3.37420E-01 0.3536
    8.6439E+00   1.26533E-01 0.5774
    8.6537E+00   2.95243E-01 0.3780
    8.6634E+00   1.68710E-01 0.5000
    8.6732E+00   1.68710E-01 0.5000
    8.6829E+00   2.10888E-01 0.4472
    8.6927E+00   1.68710E-01 0.5000
    8.7024E+00   2.53065E-01 0.4082
    8.7122E+00   3.37420E-01 0.3536
    8.7220E+00   3.79598E-01 0.3333
    8.7317E+00   8.43551E-02 0.7071
    8.7415E+00   2.10888E-01 0.4472
    8.7512E+00   3.37420E-01 0.3536
    8.7610E+00   2.53065E-01 0.4082
    8.7707E+00   1.68710E-01 0.5000
    8.7805E+00   2.10888E-01 0.4472
    8.7902E+00   4.63953E-01 0.3015
    8.8000E+00   2.95243E-01 0.3780
    8.8098E+00   1.26533E-01 0.5774
    8.8195E+00   1.26533E-01 0.5774
    8.8293E+00   2.10888E-01 0.4472
    8.8390E+00   3.79598E-01 0.3333
    8.8488E+00   4.21775E-01 0.3162
    8.8585E+00   2.95243E-01 0.3780
    8.8683E+00   1.26533E-01 0.5774
    8.8780E+00   1.68710E-01 0.5000
    8.8878E+00   2.53065E-01 0.4082
    8.8976E+00   2.10888E-01 0.4472
    8.9073E+00   8.43551E-02 0.7071
    8.9171E+00   1.26533E-01 0.5774
    8.9268E+00   1.26533E-01 0.5774
    8.9366E+00   1.68710E-01 0.5000
    8.9463E+00   2.53065E-01 0.4082
    8.9561E+00   2.10888E-01 0.4472
    8.9659E+00   4.21775E-02 1.0000
    8.9756E+00   1.68710E-01 0.5000
    8.9854E+00   1.26533E-01 0.5774
    8.9951E+00   4.21775E-02 1.0000
    9.0049E+00   1.26533E-01 0.5774
    9.0146E+00   2.53065E-01 0.4082
    9.0244E+00   1.68710E-01 0.5000
    9.0341E+00   2.95243E-01 0.3780
    9.0439E+00   2.53065E-01 0.4082
    9.0537E+00   2.53065E-01 0.4082
    9.0634E+00   1.68710E-01 0.5000
    9.0732E+00   1.26533E-01 0.5774
    9.0829E+00   8.43551E-02 0.7071
    9.0927E+00   1.26533E-01 0.5774
    9.1024E+00   0.00000E+00 0.0000
    9.1122E+00   1.68710E-01 0.5000
    9.1220E+00   1.26533E-01 0.5774
    9.1317E+00   2.53065E-01 0.4082
    9.1415E+00   1.26533E-01 0.5774
    9.1512E+00   2.10888E-01 0.4472
    9.1610E+00   1.26533E-01 0.5774
    9.1707E+00   8.43551E-02 0.7071
    9.1805E+00   1.26533E-01 0.5774
    9.1902E+00   1.26533E-01 0.5774
    9.2000E+00   4.21775E-02 1.0000
    9.2098E+00   8.43551E-02 0.7071
    9.2195E+00   8.43551E-02 0.7071
    9.2293E+00   1.68710E-01 0.5000
    9.2390E+00   1.26533E-01 0.5774
    9.2488E+00   8.43551E-02 0.7071
    9.2585E+00   1.26533E-01 0.5774
    9.2683E+00   4.21775E-02 1.0000
    9.2780E+00   1.68710E-01 0.5000
    9.2878E+00   8.43551E-02 0.7071
    9.2976E+00   1.26533E-01 0.5774
    9.3073E+00   4.21775E-02 1.0000
    9.3171E+00   4.21775E-02 1.0000
    9.3268E+00   8.43551E-02 0.7071
    9.3366E+00   1.68710E-01 0.5000
    9.3463E+00   2.10888E-01 0.4472
    9.3561E+00   1.26533E-01 0.5774
    9.3659E+00   8.43551E-02 0.7071
    9.3756E+00   1.26533E-01 0.5774
    9.3854E+00   2.53065E-01 0.4082
    9.3951E+00   4.21775E-02 1.0000
    9.4049E+00   8.43551E-02 0.7071
    9.4146E+00   8.43551E-02 0.7071
    9.4244E+00   2.53065E-01 0.4082
    9.4341E+00   1.26533E-01 0.5774
    9.4439E+00   4.21775E-02 1.0000
    9.4537E+00   8.43551E-02 0.7071
    9.4634E+00   1.68710E-01 0.5000
    9.4732E+00   1.26533E-01 0.5774
    9.4829E+00   1.26533E-01 0.5774
    9.4927E+00   0.00000E+00 0.0000
    9.5024E+00   1.26533E-01 0.5774
    9.5122E+00   0.00000E+00 0.0000
    9.5220E+00   8.43551E-02 0.7071
    9.5317E+00   4.21775E-02 1.0000
    9.5415E+00   4.21775E-02 1.0000
    9.5512E+00   0.00000E+00 0.0000
    9.5610E+00   1.68710E-01 0.5000
    9.5707E+00   0.00000E+00 0.0000
    9.5805E+00   8.43551E-02 0.7071
    9.5902E+00   0.00000E+00 0.0000
    9.6000E+00   4.21775E-02 1.0000
    9.6098E+00   1.26533E-01 0.5774
    9.6195E+00   4.21775E-02 1.0000
    9.6293E+00   4.21775E-02 1.0000
    9.6390E+00   4.21775E-02 1.0000
    9.6488E+00   4.21775E-02 1.0000
    9.6585E+00   1.26533E-01 0.5774
    9.6683E+00   0.00000E+00 0.0000
    9.6780E+00   4.21775E-02 1.0000
    9.6878E+00   0.00000E+00 0.0000
    9.6976E+00   8.43551E-02 0.7071
    9.7073E+00   0.00000E+00 0.0000
    9.7171E+00   0.00000E+00 0.0000
    9.7268E+00   1.68710E-01 0.5000
    9.7366E+00   4.21775E-02 1.0000
    9.7463E+00   1.68710E-01 0.5000
    9.7561E+00   0.00000E+00 0.0000
    9.7659E+00   1.26533E-01 0.5774
    9.7756E+00   8.43551E-02 0.7071
    9.7854E+00   4.21775E-02 1.0000
    9.7951E+00   4.21775E-02 1.0000
    9.8049E+00   4.21775E-02 1.0000
    9.8146E+00   4.21775E-02 1.0000
    9.8244E+00   0.00000E+00 0.0000
    9.8341E+00   0.00000E+00 0.0000
    9.8439E+00   0.00000E+00 0.0000
    9.8537E+00   8.43551E-02 0.7071
    9.8634E+00   8.43551E-02 0.7071
    9.8732E+00   0.00000E+00 0.0000
    9.8829E+00   4.21775E-02 1.0000
    9.8927E+00   4.21775E-02 1.0000
    9.9024E+00   4.21775E-02 1.0000
    9.9122E+00   4.21775E-02 1.0000
    9.9220E+00   4.21775E-02 1.0000
    9.9317E+00   4.21775E-02 1.0000
    9.9415E+00   1.26533E-01 0.5774
    9.9512E+00   4.21775E-02 1.0000
    9.9610E+00   4.21775E-02 1.0000
    9.9707E+00   4.21775E-02 1.0000
    9.9805E+00   8.43551E-02 0.7071
    9.9902E+00   0.00000E+00 0.0000
    1.0000E+01   4.21775E-02 1.0000