  0.000000   0.00000000 
   0.009756 15297.93913091 
   0.019512 635.35318510 
   0.029268 532.80881648 
   0.039024 578.13746372 
   0.048780 1016.05890331 
   0.058537 1669.56933966 
   0.068293 1098.14845679 
   0.078049 722.38327224 
   0.087805 743.93193972 
   0.097561 799.75448708 
   0.107320 850.81135459 
   0.117070 890.59286980 
   0.126830 904.52960550 
   0.136590 887.52380971 
   0.146340 828.95669968 
   0.156100 738.25141661 
   0.165850 663.89153134 
   0.175610 630.99475319 
   0.185370 631.54328607 
   0.195120 649.31489612 
   0.204880 647.84654735 
   0.214630 600.10463934 
   0.224390 530.91710426 
   0.234150 476.83154465 
   0.243900 442.99674393 
   0.253660 418.20201360 
   0.263410 394.51010781 
   0.273170 369.77558148 
   0.282930 345.84853563 
   0.292680 325.08687068 
   0.302440 307.80901621 
   0.312200 292.92572157 
   0.321950 279.33323961 
   0.331710 266.38398850 
   0.341460 253.88256126 
   0.351220 241.90577120 
   0.360980 230.79695769 
   0.370730 221.04554931 
   0.380490 213.43549484 
   0.390240 209.13579025 
   0.400000 208.74677487 
   0.409760 211.03546549 
   0.419510 213.05935624 
   0.429270 212.08941470 
   0.439020 207.06847053 
   0.448780 198.41883820 
   0.458540 187.63000086 
   0.468290 177.30409531 
   0.478050 170.48516107 
   0.487800 168.91594881 
   0.497560 171.24117358 
   0.507320 172.98643979 
   0.517070 169.02963179 
   0.526830 157.25482616 
   0.536590 140.22961045 
   0.546340 123.12923680 
   0.556100 109.97885074 
   0.565850 101.88527912 
   0.575610  97.68240320 
   0.585370  95.69524806 
   0.595120  94.73971946 
   0.604880  94.24167766 
   0.614630  93.93279895 
   0.624390  93.58988322 
   0.634150  92.99784973 
   0.643900  92.01016349 
   0.653660  90.52656597 
   0.663410  88.41193693 
   0.673170  85.49994522 
   0.682930  81.79139703 
   0.692680  77.61397828 
   0.702440  73.53585293 
   0.712200  70.12101456 
   0.721950  67.66325868 
   0.731710  66.10977713 
   0.741460  65.16807483 
   0.751220  64.44698086 
   0.760980  63.61304387 
   0.770730  62.49597163 
   0.780490  61.12725994 
   0.790240  59.70713608 
   0.800000  58.48201281 
   0.809760  57.61909287 
   0.819510  57.10304356 
   0.829270  56.72390653 
   0.839020  56.16826613 
   0.848780  55.16655114 
   0.858540  53.63466176 
   0.868290  51.71902622 
   0.878050  49.71943551 
   0.887800  47.97570521 
   0.897560  46.75052050 
   0.907320  46.20402170 
   0.917070  46.38654514 
   0.926830  47.23762278 
   0.936590  48.56592961 
   0.946340  50.05334506 
   0.956100  51.33195299 
   0.965850  52.09584948 
   0.975610  52.21047381 
   0.985370  51.71149852 
   0.995120  50.71856310 
   1.004900  49.31791692 
   1.014600  47.55808182 
   1.024400  45.43126869 
   1.034100  43.08691311 
   1.043900  40.69603324 
   1.053700  38.56198618 
   1.063400  36.93784825 
   1.073200  35.90476740 
   1.082900  35.44616033 
   1.092700  35.38367476 
   1.102400  35.47784512 
   1.112200  35.48139488 
   1.122000  35.20510264 
   1.131700  34.57904638 
   1.141500  33.63206830 
   1.151200  32.51266015 
   1.161000  31.36149873 
   1.170700  30.33962388 
   1.180500  29.50541047 
   1.190200  28.88932544 
   1.200000  28.44398688 
   1.209800  28.12066566 
   1.219500  27.86991569 
   1.229300  27.65649306 
   1.239000  27.48328583 
   1.248800  27.37200610 
   1.258500  27.36626038 
   1.268300  27.50701673 
   1.278000  27.80968248 
   1.287800  28.25645465 
   1.297600  28.76821822 
   1.307300  29.22010004 
   1.317100  29.48634268 
   1.326800  29.45300129 
   1.336600  29.07077085 
   1.346300  28.37619261 
   1.356100  27.45089867 
   1.365900  26.43165487 
   1.375600  25.45369740 
   1.385400  24.58593502 
   1.395100  23.88716208 
   1.404900  23.34254238 
   1.414600  22.93600452 
   1.424400  22.62051709 
   1.434100  22.36502283 
   1.443900  22.13311762 
   1.453700  21.90534892 
   1.463400  21.67096818 
   1.473200  21.41996258 
   1.482900  21.15856393 
   1.492700  20.88663395 
   1.502400  20.61660698 
   1.512200  20.34961312 
   1.522000  20.09387914 
   1.531700  19.85597527 
   1.541500  19.63473812 
   1.551200  19.43861417 
   1.561000  19.26772796 
   1.570700  19.12898381 
   1.580500  19.02106044 
   1.590200  18.94501629 
   1.600000  18.89568431 
   1.609800  18.86928653 
   1.619500  18.86196783 
   1.629300  18.87227390 
   1.639000  18.90162997 
   1.648800  18.95402556 
   1.658500  19.03065170 
   1.668300  19.13065177 
   1.678000  19.24183107 
   1.687800  19.34716617 
   1.697600  19.41886758 
   1.707300  19.42843999 
   1.717100  19.35248191 
   1.726800  19.18093799 
   1.736600  18.91458419 
   1.746300  18.57890088 
   1.756100  18.19877162 
   1.765900  17.81346829 
   1.775600  17.45865642 
   1.785400  17.14926290 
   1.795100  16.90156335 
   1.804900  16.70941860 
   1.814600  16.56804981 
   1.824400  16.46207872 
   1.834100  16.38134696 
   1.843900  16.31404039 
   1.853700  16.25419772 
   1.863400  16.19864610 
   1.873200  16.14472399 
   1.882900  16.09293469 
   1.892700  16.04127986 
   1.902400  15.98870419 
   1.912200  15.93045389 
   1.922000  15.86211451 
   1.931700  15.77926264 
   1.941500  15.67550712 
   1.951200  15.54999497 
   1.961000  15.39952182 
   1.970700  15.22916970 
   1.980500  15.03988151 
   1.990200  14.84164265 
   2.000000  14.63738786 
   2.009800  14.43601983 
   2.019500  14.24533008 
   2.029300  14.06573722 
   2.039000  13.90367010 
   2.048800  13.75735239 
   2.058500  13.63063178 
   2.068300  13.52168840 
   2.078000  13.43398962 
   2.087800  13.36788544 
   2.097600  13.32775598 
   2.107300  13.31818283 
   2.117100  13.34462173 
   2.126800  13.41238428 
   2.136600  13.52764648 
   2.146300  13.68959501 
   2.156100  13.89755329 
   2.165900  14.13844186 
   2.175600  14.38964653 
   2.185400  14.62939304 
   2.195100  14.82252111 
   2.204900  14.94361344 
   2.214600  14.96791155 
   2.224400  14.88469150 
   2.234100  14.69804222 
   2.243900  14.41952512 
   2.253700  14.07576501 
   2.263400  13.70050572 
   2.273200  13.31469052 
   2.282900  12.94938160 
   2.292700  12.61296223 
   2.302400  12.32015517 
   2.312200  12.06623063 
   2.322000  11.85125565 
   2.331700  11.67165184 
   2.341500  11.51834824 
   2.351200  11.39026092 
   2.361000  11.28206752 
   2.370700  11.19479600 
   2.380500  11.12644884 
   2.390200  11.07855537 
   2.400000  11.04991172 
   2.409800  11.03993164 
   2.419500  11.04588001 
   2.429300  11.06366541 
   2.439000  11.08720730 
   2.448800  11.10998227 
   2.458500  11.12409442 
   2.468300  11.12271473 
   2.478000  11.10027369 
   2.487800  11.05299511 
   2.497600  10.98061193 
   2.507300  10.88685285 
   2.517100  10.77494570 
   2.526800  10.65382540 
   2.536600  10.52814232 
   2.546300  10.40679029 
   2.556100  10.29210011 
   2.565900  10.18821321 
   2.575600  10.09691198 
   2.585400  10.01568279 
   2.595100   9.94464817 
   2.604900   9.88045117 
   2.614600   9.82263006 
   2.624400   9.76850044 
   2.634100   9.71799197 
   2.643900   9.66903269 
   2.653700   9.62109915 
   2.663400   9.57347738 
   2.673200   9.52380420 
   2.682900   9.47163135 
   2.692700   9.41446833 
   2.702400   9.35236176 
   2.712200   9.28338406 
   2.722000   9.20814968 
   2.731700   9.12825720 
   2.741500   9.04352762 
   2.751200   8.95773291 
   2.761000   8.87155505 
   2.770700   8.78924976 
   2.780500   8.71139685 
   2.790200   8.64127410 
   2.800000   8.57836122 
   2.809800   8.52348226 
   2.819500   8.47638105 
   2.829300   8.43490455 
   2.839000   8.39867522 
   2.848800   8.36613371 
   2.858500   8.33801437 
   2.868300   8.31500910 
   2.878000   8.30010425 
   2.887800   8.29659649 
   2.897600   8.30882205 
   2.907300   8.34013747 
   2.917100   8.39359265 
   2.926800   8.46814844 
   2.936600   8.56227047 
   2.946300   8.66759992 
   2.956100   8.77659202 
   2.965900   8.87611076 
   2.975600   8.95259657 
   2.985400   8.99577430 
   2.995100   8.99577221 
   3.004900   8.94762331 
   3.014600   8.85224621 
   3.024400   8.71246214 
   3.034100   8.53981674 
   3.043900   8.34217218 
   3.053700   8.13359166 
   3.063400   7.92787214 
   3.073200   7.73038219 
   3.082900   7.55189802 
   3.092700   7.39259810 
   3.102400   7.25686207 
   3.112200   7.14090465 
   3.122000   7.04382208 
   3.131700   6.96324224 
   3.141500   6.89426533 
   3.151200   6.83536845 
   3.161000   6.78285272 
   3.170700   6.73588584 
   3.180500   6.69208313 
   3.190200   6.65134664 
   3.200000   6.61211513 
   3.209800   6.57426113 
   3.219500   6.53767957 
   3.229300   6.50117549 
   3.239000   6.46509116 
   3.248800   6.42833836 
   3.258500   6.39143841 
   3.268300   6.35355611 
   3.278000   6.31556998 
   3.287800   6.27697590 
   3.297600   6.23857388 
   3.307300   6.20121146 
   3.317100   6.16455154 
   3.326800   6.12965857 
   3.336600   6.09595721 
   3.346300   6.06406897 
   3.356100   6.03305610 
   3.365900   6.00278589 
   3.375600   5.97296435 
   3.385400   5.94231287 
   3.395100   5.91080865 
   3.404900   5.87722226 
   3.414600   5.84180706 
   3.424400   5.80359044 
   3.434100   5.76334499 
   3.443900   5.72048912 
   3.453700   5.67593125 
   3.463400   5.63087172 
   3.473200   5.58527899 
   3.482900   5.54105983 
   3.492700   5.49829246 
   3.502400   5.45873372 
   3.512200   5.42228788 
   3.522000   5.38986782 
   3.531700   5.36196404 
   3.541500   5.33797065 
   3.551200   5.31813468 
   3.561000   5.30164395 
   3.570700   5.28834728 
   3.580500   5.27744629 
   3.590200   5.26866284 
   3.600000   5.26135124 
   3.609800   5.25519126 
   3.619500   5.24985118 
   3.629300   5.24485457 
   3.639000   5.23993588 
   3.648800   5.23460346 
   3.658500   5.22856841 
   3.668300   5.22131267 
   3.678000   5.21264247 
   3.687800   5.20212414 
   3.697600   5.18971487 
   3.707300   5.17560351 
   3.717100   5.15968805 
   3.726800   5.14260099 
   3.736600   5.12436481 
   3.746300   5.10570540 
   3.756100   5.08649633 
   3.765900   5.06701445 
   3.775600   5.04733441 
   3.785400   5.02670081 
   3.795100   5.00501232 
   3.804900   4.98119058 
   3.814600   4.95510223 
   3.824400   4.92569785 
   3.834100   4.89328829 
   3.843900   4.85720290 
   3.853700   4.81807975 
   3.863400   4.77698157 
   3.873200   4.73392840 
   3.882900   4.69080162 
   3.892700   4.64776547 
   3.902400   4.60666209 
   3.912200   4.56744509 
   3.922000   4.53110260 
   3.931700   4.49821416 
   3.941500   4.46804994 
   3.951200   4.44089017 
   3.961000   4.41558915 
   3.970700   4.39190326 
   3.980500   4.36846280 
   3.990200   4.34484681 
   4.000000   4.31970790 
   4.009800   4.29254694 
   4.019500   4.26313827 
   4.029300   4.23057808 
   4.039000   4.19550083 
   4.048800   4.15742099 
   4.058500   4.11759187 
   4.068300   4.07587591 
   4.078000   4.03393921 
   4.087800   3.99181978 
   4.097600   3.95087079 
   4.107300   3.91235350 
   4.117100   3.87625381 
   4.126800   3.84395760 
   4.136600   3.81531493 
   4.146300   3.79126814 
   4.156100   3.77152591 
   4.165900   3.75640429 
   4.175600   3.74587501 
   4.185400   3.73945469 
   4.195100   3.73687129 
   4.204900   3.73753776 
   4.214600   3.74081503 
   4.224400   3.74606831 
   4.234100   3.75246664 
   4.243900   3.75941518 
   4.253700   3.76616286 
   4.263400   3.77203803 
   4.273200   3.77664280 
   4.282900   3.77947438 
   4.292700   3.78028511 
   4.302400   3.77886167 
   4.312200   3.77507683 
   4.322000   3.76893108 
   4.331700   3.76060924 
   4.341500   3.75010883 
   4.351200   3.73788217 
   4.361000   3.72397638 
   4.370700   3.70900743 
   4.380500   3.69301391 
   4.390200   3.67664331 
   4.400000   3.65982748 
   4.409800   3.64291569 
   4.419500   3.62614982 
   4.429300   3.60912810 
   4.439000   3.59202419 
   4.448800   3.57421075 
   4.458500   3.55572008 
   4.468300   3.53582331 
   4.478000   3.51462603 
   4.487800   3.49148262 
   4.497600   3.46653369 
   4.507300   3.44015839 
   4.517100   3.41208494 
   4.526800   3.38331074 
   4.536600   3.35379569 
   4.546300   3.32475877 
   4.556100   3.29623858 
   4.565900   3.26913075 
   4.575600   3.24417320 
   4.585400   3.22119845 
   4.595100   3.20085872 
   4.604900   3.18275814 
   4.614600   3.16714609 
   4.624400   3.15346516 
   4.634100   3.14168899 
   4.643900   3.13123202 
   4.653700   3.12188221 
   4.663400   3.11341293 
   4.673200   3.10538726 
   4.682900   3.09775822 
   4.692700   3.09019614 
   4.702400   3.08271272 
   4.712200   3.07502176 
   4.722000   3.06706779 
   4.731700   3.05880105 
   4.741500   3.04991200 
   4.751200   3.04045188 
   4.761000   3.03011603 
   4.770700   3.01904597 
   4.780500   3.00699727 
   4.790200   2.99426234 
   4.800000   2.98069040 
   4.809800   2.96657917 
   4.819500   2.95228999 
   4.829300   2.93776125 
   4.839000   2.92351835 
   4.848800   2.90947731 
   4.858500   2.89609238 
   4.868300   2.88320653 
   4.878000   2.87114513 
   4.887800   2.85966888 
   4.897600   2.84886797 
   4.907300   2.83876924 
   4.917100   2.82906675 
   4.926800   2.81985078 
   4.936600   2.81082177 
   4.946300   2.80206413 
   4.956100   2.79331013 
   4.965900   2.78457968 
   4.975600   2.77590767 
   4.985400   2.76707420 
   4.995100   2.75822780 
   5.004900   2.74915833 
   5.014600   2.74002480 
   5.024400   2.73061290 
   5.034100   2.72109193 
   5.043900   2.71125086 
   5.053700   2.70118816 
   5.063400   2.69103551 
   5.073200   2.68064050 
   5.082900   2.67030476 
   5.092700   2.65993680 
   5.102400   2.64988972 
   5.112200   2.64010676 
   5.122000   2.63083267 
   5.131700   2.62226009 
   5.141500   2.61426955 
   5.151200   2.60701947 
   5.161000   2.60028871 
   5.170700   2.59408136 
   5.180500   2.58808259 
   5.190200   2.58219722 
   5.200000   2.57607125 
   5.209800   2.56954090 
   5.219500   2.56248857 
   5.229300   2.55462190 
   5.239000   2.54601035 
   5.248800   2.53644222 
   5.258500   2.52613495 
   5.268300   2.51495026 
   5.278000   2.50323409 
   5.287800   2.49090231 
   5.297600   2.47826342 
   5.307300   2.46566444 
   5.317100   2.45308218 
   5.326800   2.44102153 
   5.336600   2.42949252 
   5.346300   2.41898232 
   5.356100   2.40951267 
   5.365900   2.40140416 
   5.375600   2.39487172 
   5.385400   2.38986682 
   5.395100   2.38649466 
   5.404900   2.38459528 
   5.414600   2.38402227 
   5.424400   2.38448262 
   5.434100   2.38560929 
   5.443900   2.38700139 
   5.453700   2.38818685 
   5.463400   2.38869764 
   5.473200   2.38810890 
   5.482900   2.38606249 
   5.492700   2.38222928 
   5.502400   2.37651323 
   5.512200   2.36874386 
   5.522000   2.35904616 
   5.531700   2.34774473 
   5.541500   2.33491174 
   5.551200   2.32119151 
   5.561000   2.30674050 
   5.570700   2.29230364 
   5.580500   2.27802038 
   5.590200   2.26456100 
   5.600000   2.25194963 
   5.609800   2.24052804 
   5.619500   2.23047324 
   5.629300   2.22153637 
   5.639000   2.21374668 
   5.648800   2.20669077 
   5.658500   2.20019068 
   5.668300   2.19374197 
   5.678000   2.18709961 
   5.687800   2.17976649 
   5.697600   2.17149869 
   5.707300   2.16216796 
   5.717100   2.15145056 
   5.726800   2.13954275 
   5.736600   2.12628679 
   5.746300   2.11214199 
   5.756100   2.09709637 
   5.765900   2.08163970 
   5.775600   2.06631730 
   5.785400   2.05120842 
   5.795100   2.03699202 
   5.804900   2.02370463 
   5.814600   2.01187568 
   5.824400   2.00143995 
   5.834100   1.99269706 
   5.843900   1.98546375 
   5.853700   1.97975122 
   5.863400   1.97543938 
   5.873200   1.97223007 
   5.882900   1.96995056 
   5.892700   1.96830044 
   5.902400   1.96706996 
   5.912200   1.96600912 
   5.922000   1.96493938 
   5.931700   1.96372208 
   5.941500   1.96222311 
   5.951200   1.96040537 
   5.961000   1.95819860 
   5.970700   1.95564464 
   5.980500   1.95271011 
   5.990200   1.94948959 
   6.000000   1.94596192 
   6.009800   1.94221010 
   6.019500   1.93832875 
   6.029300   1.93429194 
   6.039000   1.93023495 
   6.048800   1.92612661 
   6.058500   1.92210083 
   6.068300   1.91812274 
   6.078000   1.91431727 
   6.087800   1.91064481 
   6.097600   1.90717702 
   6.107300   1.90396763 
   6.117100   1.90096025 
   6.126800   1.89821221 
   6.136600   1.89564726 
   6.146300   1.89328207 
   6.156100   1.89101483 
   6.165900   1.88880075 
   6.175600   1.88657817 
   6.185400   1.88420470 
   6.195100   1.88162516 
   6.204900   1.87867765 
   6.214600   1.87531728 
   6.224400   1.87137709 
   6.234100   1.86685671 
   6.243900   1.86160374 
   6.253700   1.85563090 
   6.263400   1.84901373 
   6.273200   1.84165655 
   6.282900   1.83378702 
   6.292700   1.82535760 
   6.302400   1.81668474 
   6.312200   1.80776076 
   6.322000   1.79886210 
   6.331700   1.79026911 
   6.341500   1.78199005 
   6.351200   1.77435911 
   6.361000   1.76735794 
   6.370700   1.76122958 
   6.380500   1.75590523 
   6.390200   1.75150336 
   6.400000   1.74789522 
   6.409800   1.74504708 
   6.419500   1.74285614 
   6.429300   1.74112643 
   6.439000   1.73972715 
   6.448800   1.73845672 
   6.458500   1.73718012 
   6.468300   1.73573081 
   6.478000   1.73403457 
   6.487800   1.73199564 
   6.497600   1.72961965 
   6.507300   1.72697794 
   6.517100   1.72410869 
   6.526800   1.72120451 
   6.536600   1.71837378 
   6.546300   1.71585831 
   6.556100   1.71379486 
   6.565900   1.71238637 
   6.575600   1.71177830 
   6.585400   1.71205561 
   6.595100   1.71325445 
   6.604900   1.71538150 
   6.614600   1.71831614 
   6.624400   1.72198611 
   6.634100   1.72614269 
   6.643900   1.73066728 
   6.653700   1.73530353 
   6.663400   1.73980021 
   6.673200   1.74407454 
   6.682900   1.74791077 
   6.692700   1.75131531 
   6.702400   1.75421095 
   6.712200   1.75671575 
   6.722000   1.75891847 
   6.731700   1.76097138 
   6.741500   1.76312630 
   6.751200   1.76556600 
   6.761000   1.76857257 
   6.770700   1.77229735 
   6.780500   1.77700026 
   6.790200   1.78272062 
   6.800000   1.78965771 
   6.809800   1.79777821 
   6.819500   1.80693772 
   6.829300   1.81721933 
   6.839000   1.82825274 
   6.848800   1.84005331 
   6.858500   1.85213125 
   6.868300   1.86445359 
   6.878000   1.87647282 
   6.887800   1.88813057 
   6.897600   1.89899885 
   6.907300   1.90869964 
   6.917100   1.91718031 
   6.926800   1.92405737 
   6.936600   1.92930704 
   6.946300   1.93271183 
   6.956100   1.93428713 
   6.965900   1.93399085 
   6.975600   1.93191097 
   6.985400   1.92811031 
   6.995100   1.92281058 
   7.004900   1.91607922 
   7.014600   1.90824761 
   7.024400   1.89936049 
   7.034100   1.88980275 
   7.043900   1.87957605 
   7.053700   1.86896246 
   7.063400   1.85824350 
   7.073200   1.84734946 
   7.082900   1.83663504 
   7.092700   1.82599817 
   7.102400   1.81576036 
   7.112200   1.80580599 
   7.122000   1.79633014 
   7.131700   1.78750172 
   7.141500   1.77921291 
   7.151200   1.77170007 
   7.161000   1.76486956 
   7.170700   1.75891322 
   7.180500   1.75375178 
   7.190200   1.74952224 
   7.200000   1.74615627 
   7.209800   1.74370593 
   7.219500   1.74216938 
   7.229300   1.74148356 
   7.239000   1.74161210 
   7.248800   1.74248591 
   7.258500   1.74399556 
   7.268300   1.74605831 
   7.278000   1.74850007 
   7.287800   1.75121933 
   7.297600   1.75402439 
   7.307300   1.75670904 
   7.317100   1.75914426 
   7.326800   1.76109764 
   7.336600   1.76242935 
   7.346300   1.76294541 
   7.356100   1.76250401 
   7.365900   1.76096349 
   7.375600   1.75825243 
   7.385400   1.75423875 
   7.395100   1.74895909 
   7.404900   1.74228937 
   7.414600   1.73437986 
   7.424400   1.72510919 
   7.434100   1.71473137 
   7.443900   1.70311799 
   7.453700   1.69047141 
   7.463400   1.67704587 
   7.473200   1.66267987 
   7.482900   1.64778009 
   7.492700   1.63214963 
   7.502400   1.61620790 
   7.512200   1.59971657 
   7.522000   1.58291543 
   7.531700   1.56604287 
   7.541500   1.54879992 
   7.551200   1.53157411 
   7.561000   1.51403558 
   7.570700   1.49655897 
   7.580500   1.47879529 
   7.590200   1.46111549 
   7.600000   1.44316324 
   7.609800   1.42513030 
   7.619500   1.40721471 
   7.629300   1.38906358 
   7.639000   1.37106697 
   7.648800   1.35287620 
   7.658500   1.33488564 
   7.668300   1.31674721 
   7.678000   1.29885135 
   7.687800   1.28084600 
   7.697600   1.26292849 
   7.707300   1.24528805 
   7.717100   1.22756502 
   7.726800   1.21012295 
   7.736600   1.19260438 
   7.746300   1.17537205 
   7.756100   1.15808216 
   7.765900   1.14093370 
   7.775600   1.12413109 
   7.785400   1.10737243 
   7.795100   1.09105608 
   7.804900   1.07491377 
   7.814600   1.05935012 
   7.824400   1.04412401 
   7.834100   1.02962294 
   7.843900   1.01561736 
   7.853700   1.00231478 
   7.863400   0.98987300 
   7.873200   0.97804183 
   7.882900   0.96703862 
   7.892700   0.95657909 
   7.902400   0.94678761 
   7.912200   0.93734121 
   7.922000   0.92819507 
   7.931700   0.91927265 
   7.941500   0.91021137 
   7.951200   0.90101757 
   7.961000   0.89132774 
   7.970700   0.88118416 
   7.980500   0.87024473 
   7.990200   0.85863252 
   8.000000   0.84604279 
   8.009800   0.83256426 
   8.019500   0.81836043 
   8.029300   0.80318797 
   8.039000   0.78743778 
   8.048800   0.77089474 
   8.058500   0.75402484 
   8.068300   0.73662371 
   8.078000   0.71919399 
   8.087800   0.70152522 
   8.097600   0.68393993 
   8.107300   0.66674621 
   8.117100   0.64970616 
   8.126800   0.63326614 
   8.136600   0.61716956 
   8.146300   0.60180902 
   8.156100   0.58691635 
   8.165900   0.57268682 
   8.175600   0.55927578 
   8.185400   0.54641591 
   8.195100   0.53436946 
   8.204900   0.52287999 
   8.214600   0.51216753 
   8.224400   0.50199083 
   8.234100   0.49253237 
   8.243900   0.48356669 
   8.253700   0.47515872 
   8.263400   0.46734572 
   8.273200   0.45992084 
   8.282900   0.45298517 
   8.292700   0.44633916 
   8.302400   0.44005761 
   8.312200   0.43394482 
   8.322000   0.42799672 
   8.331700   0.42220047 
   8.341500   0.41636467 
   8.351200   0.41053956 
   8.361000   0.40453985 
   8.370700   0.39843093 
   8.380500   0.39203899 
   8.390200   0.38545955 
   8.400000   0.37853607 
   8.409800   0.37133003 
   8.419500   0.36393095 
   8.429300   0.35621467 
   8.439000   0.34838208 
   8.448800   0.34032945 
   8.458500   0.33228919 
   8.468300   0.32417259 
   8.478000   0.31622587 
   8.487800   0.30836776 
   8.497600   0.30076142 
   8.507300   0.29355394 
   8.517100   0.28666211 
   8.526800   0.28028049 
   8.536600   0.27432000 
   8.546300   0.26893157 
   8.556100   0.26402099 
   8.565900   0.25965133 
   8.575600   0.25585270 
   8.585400   0.25253090 
   8.595100   0.24973027 
   8.604900   0.24736296 
   8.614600   0.24544297 
   8.624400   0.24389254 
   8.634100   0.24270339 
   8.643900   0.24180907 
   8.653700   0.24118032 
   8.663400   0.24077637 
   8.673200   0.24054475 
   8.682900   0.24044609 
   8.692700   0.24043305 
   8.702400   0.24046066 
   8.712200   0.24048327 
   8.722000   0.24045403 
   8.731700   0.24032873 
   8.741500   0.24006030 
   8.751200   0.23961253 
   8.761000   0.23893728 
   8.770700   0.23801451 
   8.780500   0.23679671 
   8.790200   0.23528762 
   8.800000   0.23344281 
   8.809800   0.23127185 
   8.819500   0.22880697 
   8.829300   0.22601215 
   8.839000   0.22296830 
   8.848800   0.21964554 
   8.858500   0.21615152 
   8.868300   0.21246061 
   8.878000   0.20869797 
   8.887800   0.20483852 
   8.897600   0.20097324 
   8.907300   0.19719080 
   8.917100   0.19345817 
   8.926800   0.18988934 
   8.936600   0.18644095 
   8.946300   0.18320413 
   8.956100   0.18012349 
   8.965900   0.17723503 
   8.975600   0.17455789 
   8.985400   0.17202132 
   8.995100   0.16965524 
   9.004900   0.16738387 
   9.014600   0.16522408 
   9.024400   0.16310050 
   9.034100   0.16102699 
   9.043900   0.15893358 
   9.053700   0.15681839 
   9.063400   0.15468551 
   9.073200   0.15247885 
   9.082900   0.15023753 
   9.092700   0.14791553 
   9.102400   0.14556613 
   9.112200   0.14315210 
   9.122000   0.14071320 
   9.131700   0.13829368 
   9.141500   0.13586546 
   9.151200   0.13350116 
   9.161000   0.13117602 
   9.170700   0.12896090 
   9.180500   0.12683268 
   9.190200   0.12485511 
   9.200000   0.12300536 
   9.209800   0.12131927 
   9.219500   0.11982218 
   9.229300   0.11848961 
   9.239000   0.11735038 
   9.248800   0.11637764 
   9.258500   0.11558288 
   9.268300   0.11493608 
   9.278000   0.11443208 
   9.287800   0.11403726 
   9.297600   0.11372990 
   9.307300   0.11348130 
   9.317100   0.11325293 
   9.326800   0.11301492 
   9.336600   0.11272686 
   9.346300   0.11236024 
   9.356100   0.11187449 
   9.365900   0.11124262 
   9.375600   0.11044766 
   9.385400   0.10945231 
   9.395100   0.10826199 
   9.404900   0.10684340 
   9.414600   0.10522345 
   9.424400   0.10337340 
   9.434100   0.10134206 
   9.443900   0.09910489 
   9.453700   0.09670477 
   9.463400   0.09419577 
   9.473200   0.09155711 
   9.482900   0.08887562 
   9.492700   0.08613076 
   9.502400   0.08341300 
   9.512200   0.08070028 
   9.522000   0.07805298 
   9.531700   0.07552606 
   9.541500   0.07309308 
   9.551200   0.07082498 
   9.561000   0.06869213 
   9.570700   0.06675031 
   9.580500   0.06496723 
   9.590200   0.06338231 
   9.600000   0.06196158 
   9.609800   0.06071684 
   9.619500   0.05964908 
   9.629300   0.05872393 
   9.639000   0.05794541 
   9.648800   0.05728022 
   9.658500   0.05672339 
   9.668300   0.05624365 
   9.678000   0.05583092 
   9.687800   0.05545681 
   9.697600   0.05510665 
   9.707300   0.05476620 
   9.717100   0.05441269 
   9.726800   0.05404008 
   9.736600   0.05362981 
   9.746300   0.05318226 
   9.756100   0.05268282 
   9.765900   0.05213309 
   9.775600   0.05153899 
   9.785400   0.05088969 
   9.795100   0.05020114 
   9.804900   0.04946261 
   9.814600   0.04869266 
   9.824400   0.04787844 
   9.834100   0.04703851 
   9.843900   0.04615606 
   9.853700   0.04523834 
   9.863400   0.04429228 
   9.873200   0.04329368 
   9.882900   0.04225697 
   9.892700   0.04115379 
   9.902400   0.03999949 
   9.912200   0.03876333 
   9.922000   0.03745093 
   9.931700   0.03607269 
   9.941500   0.03459832 
   9.951200   0.03305872 
   9.961000   0.03142603 
   9.970700   0.02974049 
   9.980500   0.02797744 
   9.990200   0.02618553 
  10.000000   0.02434304 
 