0.0000E+00   2.95243E-01 0.3780
    9.7561E-03   1.12069E+04 0.0019
    1.9512E-02   5.21905E+02 0.0090
    2.9268E-02   5.37890E+02 0.0089
    3.9024E-02   5.44849E+02 0.0088
    4.8780E-02   5.39788E+02 0.0088
    5.8537E-02   2.92476E+03 0.0038
    6.8293E-02   6.20136E+02 0.0082
    7.8049E-02   6.72436E+02 0.0079
    8.7805E-02   7.33594E+02 0.0076
    9.7561E-02   7.90323E+02 0.0073
    1.0732E-01   8.20016E+02 0.0072
    1.1707E-01   8.93868E+02 0.0069
    1.2683E-01   8.52787E+02 0.0070
    1.3659E-01   8.45069E+02 0.0071
    1.4634E-01   8.56373E+02 0.0070
    1.5610E-01   6.14864E+02 0.0083
    1.6585E-01   5.20260E+02 0.0090
    1.7561E-01   5.60708E+02 0.0087
    1.8537E-01   4.83650E+02 0.0093
    1.9512E-01   4.62477E+02 0.0095
    2.0488E-01   9.24025E+02 0.0068
    2.1463E-01   4.38562E+02 0.0098
    2.2439E-01   4.15828E+02 0.0101
    2.3415E-01   3.89678E+02 0.0104
    2.4390E-01   3.61124E+02 0.0108
    2.5366E-01   3.36872E+02 0.0112
    2.6341E-01   3.41638E+02 0.0111
    2.7317E-01   2.90013E+02 0.0121
    2.8293E-01   2.70906E+02 0.0125
    2.9268E-01   2.61585E+02 0.0127
    3.0244E-01   2.42521E+02 0.0132
    3.1220E-01   2.33537E+02 0.0134
    3.2195E-01   2.16666E+02 0.0140
    3.3171E-01   2.15949E+02 0.0140
    3.4146E-01   2.02030E+02 0.0144
    3.5122E-01   1.91823E+02 0.0148
    3.6098E-01   1.95619E+02 0.0147
    3.7073E-01   1.72548E+02 0.0156
    3.8049E-01   1.90474E+02 0.0149
    3.9024E-01   1.63775E+02 0.0160
    4.0000E-01   1.56352E+02 0.0164
    4.0976E-01   1.58081E+02 0.0163
    4.1951E-01   3.02244E+02 0.0118
    4.2927E-01   1.60064E+02 0.0162
    4.3902E-01   1.53315E+02 0.0166
    4.4878E-01   2.84277E+02 0.0122
    4.5854E-01   1.36107E+02 0.0176
    4.6829E-01   1.31552E+02 0.0179
    4.7805E-01   1.61709E+02 0.0161
    4.8780E-01   1.21176E+02 0.0187
    4.9756E-01   1.11644E+02 0.0194
    5.0732E-01   1.14470E+02 0.0192
    5.1707E-01   2.24005E+02 0.0137
    5.2683E-01   9.97077E+01 0.0206
    5.3659E-01   9.59539E+01 0.0210
    5.4634E-01   9.32967E+01 0.0213
    5.5610E-01   9.07239E+01 0.0216
    5.6585E-01   9.03021E+01 0.0216
    5.7561E-01   8.65483E+01 0.0221
    5.8537E-01   8.55782E+01 0.0222
    5.9512E-01   1.05022E+02 0.0200
    6.0488E-01   8.34272E+01 0.0225
    6.1463E-01   8.00530E+01 0.0230
    6.2439E-01   1.00973E+02 0.0204
    6.3415E-01   1.15145E+02 0.0191
    6.4390E-01   8.01795E+01 0.0229
    6.5366E-01   7.30515E+01 0.0240
    6.6341E-01   7.54556E+01 0.0236
    6.7317E-01   6.69357E+01 0.0251
    6.8293E-01   6.36459E+01 0.0257
    6.9268E-01   6.50378E+01 0.0255
    7.0244E-01   6.28445E+01 0.0259
    7.1220E-01   5.84581E+01 0.0269
    7.2195E-01   5.37342E+01 0.0280
    7.3171E-01   5.51682E+01 0.0277
    7.4146E-01   5.06552E+01 0.0289
    7.5122E-01   6.76949E+01 0.0250
    7.6098E-01   5.31437E+01 0.0282
    7.7073E-01   5.05287E+01 0.0289
    7.8049E-01   5.28484E+01 0.0283
    7.9024E-01   5.02756E+01 0.0290
    8.0000E-01   5.53791E+01 0.0276
    8.0976E-01   4.78293E+01 0.0297
    8.1951E-01   4.81246E+01 0.0296
    8.2927E-01   5.83315E+01 0.0269
    8.3902E-01   4.58470E+01 0.0303
    8.4878E-01   5.63154E+02 0.0087
    8.5854E-01   3.76645E+01 0.0335
    8.6829E-01   3.66945E+01 0.0339
    8.7805E-01   3.63570E+01 0.0341
    8.8780E-01   3.90142E+01 0.0329
    8.9756E-01   3.48386E+01 0.0348
    9.0732E-01   3.31094E+01 0.0357
    9.1707E-01   3.28985E+01 0.0358
    9.2683E-01   3.27719E+01 0.0359
    9.3659E-01   3.20549E+01 0.0363
    9.4634E-01   3.11270E+01 0.0368
    9.5610E-01   3.15488E+01 0.0366
    9.6585E-01   3.01569E+01 0.0374
    9.7561E-01   3.04522E+01 0.0372
    9.8537E-01   3.18440E+01 0.0364
    9.9512E-01   3.12957E+01 0.0367
    1.0049E+00   2.98617E+01 0.0376
    1.0146E+00   1.12656E+02 0.0193
    1.0244E+00   3.00304E+01 0.0375
    1.0341E+00   2.80902E+01 0.0387
    1.0439E+00   4.09122E+01 0.0321
    1.0537E+00   3.03678E+01 0.0373
    1.0634E+00   2.74997E+01 0.0392
    1.0732E+00   2.67406E+01 0.0397
    1.0829E+00   2.47582E+01 0.0413
    1.0927E+00   2.60235E+01 0.0403
    1.1024E+00   2.80481E+01 0.0388
    1.1122E+00   2.40412E+01 0.0419
    1.1220E+00   2.72045E+01 0.0394
    1.1317E+00   2.64031E+01 0.0400
    1.1415E+00   2.35772E+01 0.0423
    1.1512E+00   2.37881E+01 0.0421
    1.1610E+00   2.48847E+01 0.0412
    1.1707E+00   2.21432E+01 0.0436
    1.1805E+00   2.60657E+01 0.0402
    1.1902E+00   2.63610E+01 0.0400
    1.2000E+00   2.28602E+01 0.0430
    1.2098E+00   2.43364E+01 0.0416
    1.2195E+00   2.43786E+01 0.0416
    1.2293E+00   2.28602E+01 0.0430
    1.2390E+00   7.47808E+01 0.0237
    1.2488E+00   2.26493E+01 0.0432
    1.2585E+00   2.10466E+01 0.0448
    1.2683E+00   2.24384E+01 0.0434
    1.2780E+00   2.03717E+01 0.0455
    1.2878E+00   2.06248E+01 0.0452
    1.2976E+00   2.22697E+01 0.0435
    1.3073E+00   2.37459E+01 0.0421
    1.3171E+00   2.17214E+01 0.0441
    1.3268E+00   2.01609E+01 0.0457
    1.3366E+00   1.93595E+01 0.0467
    1.3463E+00   2.22276E+01 0.0436
    1.3561E+00   2.06248E+01 0.0452
    1.3659E+00   2.21854E+01 0.0436
    1.3756E+00   2.18480E+01 0.0439
    1.3854E+00   2.15105E+01 0.0443
    1.3951E+00   1.96969E+01 0.0463
    1.4049E+00   1.86425E+01 0.0476
    1.4146E+00   3.41216E+01 0.0352
    1.4244E+00   2.01609E+01 0.0457
    1.4341E+00   1.78833E+01 0.0486
    1.4439E+00   1.99078E+01 0.0460
    1.4537E+00   1.73771E+01 0.0493
    1.4634E+00   2.00765E+01 0.0458
    1.4732E+00   1.86425E+01 0.0476
    1.4829E+00   1.83050E+01 0.0480
    1.4927E+00   1.88955E+01 0.0472
    1.5024E+00   1.85581E+01 0.0477
    1.5122E+00   1.73771E+01 0.0493
    1.5220E+00   1.76724E+01 0.0489
    1.5317E+00   1.86003E+01 0.0476
    1.5415E+00   1.82207E+01 0.0481
    1.5512E+00   1.75459E+01 0.0490
    1.5610E+00   1.74615E+01 0.0491
    1.5707E+00   1.81363E+01 0.0482
    1.5805E+00   1.84316E+01 0.0478
    1.5902E+00   2.08357E+01 0.0450
    1.6000E+00   1.77989E+01 0.0487
    1.6098E+00   1.99921E+01 0.0459
    1.6195E+00   1.96969E+01 0.0463
    1.6293E+00   1.71663E+01 0.0496
    1.6390E+00   1.94860E+01 0.0465
    1.6488E+00   1.86846E+01 0.0475
    1.6585E+00   1.67023E+01 0.0503
    1.6683E+00   1.59431E+01 0.0514
    1.6780E+00   1.85159E+01 0.0477
    1.6878E+00   1.63649E+01 0.0508
    1.6976E+00   1.61962E+01 0.0510
    1.7073E+00   2.09201E+01 0.0449
    1.7171E+00   1.66179E+01 0.0504
    1.7268E+00   3.22658E+01 0.0362
    1.7366E+00   1.70397E+01 0.0498
    1.7463E+00   1.50996E+01 0.0529
    1.7561E+00   1.40451E+01 0.0548
    1.7659E+00   1.88534E+01 0.0473
    1.7756E+00   2.15105E+01 0.0443
    1.7854E+00   1.55635E+01 0.0521
    1.7951E+00   1.45512E+01 0.0538
    1.8049E+00   1.53104E+01 0.0525
    1.8146E+00   4.33585E+01 0.0312
    1.8244E+00   1.71241E+01 0.0496
    1.8341E+00   1.47621E+01 0.0535
    1.8439E+00   1.56900E+01 0.0518
    1.8537E+00   1.56057E+01 0.0520
    1.8634E+00   1.58166E+01 0.0516
    1.8732E+00   1.58588E+01 0.0516
    1.8829E+00   1.54792E+01 0.0522
    1.8927E+00   1.54792E+01 0.0522
    1.9024E+00   1.53104E+01 0.0525
    1.9122E+00   1.53526E+01 0.0524
    1.9220E+00   1.34968E+01 0.0559
    1.9317E+00   1.37077E+01 0.0555
    1.9415E+00   1.43825E+01 0.0542
    1.9512E+00   1.24002E+01 0.0583
    1.9610E+00   1.53948E+01 0.0523
    1.9707E+00   1.58166E+01 0.0516
    1.9805E+00   1.49730E+01 0.0531
    1.9902E+00   1.56057E+01 0.0520
    2.0000E+00   1.36233E+01 0.0556
    2.0098E+00   1.30329E+01 0.0569
    2.0195E+00   1.42138E+01 0.0545
    2.0293E+00   1.29907E+01 0.0570
    2.0390E+00   1.36233E+01 0.0556
    2.0488E+00   1.24002E+01 0.0583
    2.0585E+00   1.25689E+01 0.0579
    2.0683E+00   1.26533E+01 0.0577
    2.0780E+00   1.29907E+01 0.0570
    2.0878E+00   1.31172E+01 0.0567
    2.0976E+00   1.98234E+01 0.0461
    2.1073E+00   1.23580E+01 0.0584
    2.1171E+00   3.31937E+01 0.0356
    2.1268E+00   1.19784E+01 0.0593
    2.1366E+00   1.21893E+01 0.0588
    2.1463E+00   1.24002E+01 0.0583
    2.1561E+00   1.21471E+01 0.0589
    2.1659E+00   1.25267E+01 0.0580
    2.1756E+00   1.24002E+01 0.0583
    2.1854E+00   1.18519E+01 0.0597
    2.1951E+00   1.21050E+01 0.0590
    2.2049E+00   1.10083E+01 0.0619
    2.2146E+00   4.66483E+01 0.0301
    2.2244E+00   1.17254E+01 0.0600
    2.2341E+00   1.21471E+01 0.0589
    2.2439E+00   1.14301E+01 0.0607
    2.2537E+00   1.42138E+01 0.0545
    2.2634E+00   1.15566E+01 0.0604
    2.2732E+00   1.10505E+01 0.0618
    2.2829E+00   2.43786E+01 0.0416
    2.2927E+00   1.05866E+01 0.0631
    2.3024E+00   9.70083E+00 0.0659
    2.3122E+00   1.00383E+01 0.0648
    2.3220E+00   1.03757E+01 0.0638
    2.3317E+00   1.11770E+01 0.0614
    2.3415E+00   1.12192E+01 0.0613
    2.3512E+00   1.14723E+01 0.0606
    2.3610E+00   1.24002E+01 0.0583
    2.3707E+00   9.86954E+00 0.0654
    2.3805E+00   1.11770E+01 0.0614
    2.3902E+00   8.85728E+00 0.0690
    2.4000E+00   1.00383E+01 0.0648
    2.4098E+00   9.53212E+00 0.0665
    2.4195E+00   9.99607E+00 0.0650
    2.4293E+00   1.05866E+01 0.0631
    2.4390E+00   1.02491E+01 0.0642
    2.4488E+00   1.07553E+01 0.0626
    2.4585E+00   1.05866E+01 0.0631
    2.4683E+00   1.00383E+01 0.0648
    2.4780E+00   1.30750E+01 0.0568
    2.4878E+00   1.03757E+01 0.0638
    2.4976E+00   1.40451E+01 0.0548
    2.5073E+00   8.81510E+00 0.0692
    2.5171E+00   9.91172E+00 0.0652
    2.5268E+00   1.96126E+01 0.0464
    2.5366E+00   9.19470E+00 0.0677
    2.5463E+00   9.36341E+00 0.0671
    2.5561E+00   1.02491E+01 0.0642
    2.5659E+00   9.61648E+00 0.0662
    2.5756E+00   1.00383E+01 0.0648
    2.5854E+00   1.02491E+01 0.0642
    2.5951E+00   9.15252E+00 0.0679
    2.6049E+00   2.13418E+01 0.0445
    2.6146E+00   8.43551E+00 0.0707
    2.6244E+00   8.81510E+00 0.0692
    2.6341E+00   9.48994E+00 0.0667
    2.6439E+00   9.27906E+00 0.0674
    2.6537E+00   9.36341E+00 0.0671
    2.6634E+00   1.07974E+01 0.0625
    2.6732E+00   8.26680E+00 0.0714
    2.6829E+00   9.74301E+00 0.0658
    2.6927E+00   9.82736E+00 0.0655
    2.7024E+00   8.09809E+00 0.0722
    2.7122E+00   9.40559E+00 0.0670
    2.7220E+00   7.76067E+00 0.0737
    2.7317E+00   8.64639E+00 0.0698
    2.7415E+00   1.15566E+01 0.0604
    2.7512E+00   8.26680E+00 0.0714
    2.7610E+00   2.02030E+01 0.0457
    2.7707E+00   7.67631E+00 0.0741
    2.7805E+00   6.83276E+00 0.0786
    2.7902E+00   7.17018E+00 0.0767
    2.8000E+00   7.71849E+00 0.0739
    2.8098E+00   7.50760E+00 0.0750
    2.8195E+00   7.97155E+00 0.0727
    2.8293E+00   7.63413E+00 0.0743
    2.8390E+00   9.32123E+00 0.0673
    2.8488E+00   7.12800E+00 0.0769
    2.8585E+00   7.00147E+00 0.0776
    2.8683E+00   7.42325E+00 0.0754
    2.8780E+00   8.14026E+00 0.0720
    2.8878E+00   7.21236E+00 0.0765
    2.8976E+00   7.25454E+00 0.0762
    2.9073E+00   7.84502E+00 0.0733
    2.9171E+00   8.30897E+00 0.0712
    2.9268E+00   6.83276E+00 0.0786
    2.9366E+00   6.49534E+00 0.0806
    2.9463E+00   7.88720E+00 0.0731
    2.9561E+00   7.25454E+00 0.0762
    2.9659E+00   8.64639E+00 0.0698
    2.9756E+00   6.20010E+00 0.0825
    2.9854E+00   1.59853E+01 0.0514
    2.9951E+00   7.50760E+00 0.0750
    3.0049E+00   2.46739E+01 0.0413
    3.0146E+00   5.52526E+00 0.0874
    3.0244E+00   6.45316E+00 0.0808
    3.0341E+00   6.66405E+00 0.0796
    3.0439E+00   6.32663E+00 0.0816
    3.0537E+00   5.98921E+00 0.0839
    3.0634E+00   5.98921E+00 0.0839
    3.0732E+00   6.57969E+00 0.0801
    3.0829E+00   6.36881E+00 0.0814
    3.0927E+00   5.82050E+00 0.0851
    3.1024E+00   7.46542E+00 0.0752
    3.1122E+00   6.45316E+00 0.0808
    3.1220E+00   7.00147E+00 0.0776
    3.1317E+00   5.35655E+00 0.0887
    3.1415E+00   5.73614E+00 0.0857
    3.1512E+00   6.32663E+00 0.0816
    3.1610E+00   6.07356E+00 0.0833
    3.1707E+00   6.70623E+00 0.0793
    3.1805E+00   5.94703E+00 0.0842
    3.1902E+00   6.07356E+00 0.0833
    3.2000E+00   7.04365E+00 0.0774
    3.2098E+00   8.98381E+00 0.0685
    3.2195E+00   6.41098E+00 0.0811
    3.2293E+00   5.52526E+00 0.0874
    3.2390E+00   5.56743E+00 0.0870
    3.2488E+00   6.15792E+00 0.0828
    3.2585E+00   7.63413E+00 0.0743
    3.2683E+00   5.52526E+00 0.0874
    3.2780E+00   5.27219E+00 0.0894
    3.2878E+00   5.39872E+00 0.0884
    3.2976E+00   4.72388E+00 0.0945
    3.3073E+00   4.80824E+00 0.0937
    3.3171E+00   5.60961E+00 0.0867
    3.3268E+00   5.14566E+00 0.0905
    3.3366E+00   5.44090E+00 0.0880
    3.3463E+00   5.52526E+00 0.0874
    3.3561E+00   5.98921E+00 0.0839
    3.3659E+00   5.18784E+00 0.0902
    3.3756E+00   7.04365E+00 0.0774
    3.3854E+00   5.52526E+00 0.0874
    3.3951E+00   5.27219E+00 0.0894
    3.4049E+00   5.18784E+00 0.0902
    3.4146E+00   5.44090E+00 0.0880
    3.4244E+00   5.35655E+00 0.0887
    3.4341E+00   5.23001E+00 0.0898
    3.4439E+00   5.77832E+00 0.0854
    3.4537E+00   9.23688E+00 0.0676
    3.4634E+00   5.06130E+00 0.0913
    3.4732E+00   5.39872E+00 0.0884
    3.4829E+00   5.23001E+00 0.0898
    3.4927E+00   4.13340E+00 0.1010
    3.5024E+00   4.76606E+00 0.0941
    3.5122E+00   5.01913E+00 0.0917
    3.5220E+00   4.34429E+00 0.0985
    3.5317E+00   5.01913E+00 0.0917
    3.5415E+00   5.31437E+00 0.0891
    3.5512E+00   5.10348E+00 0.0909
    3.5610E+00   4.04904E+00 0.1021
    3.5707E+00   4.34429E+00 0.0985
    3.5805E+00   4.76606E+00 0.0941
    3.5902E+00   3.83816E+00 0.1048
    3.6000E+00   4.34429E+00 0.0985
    3.6098E+00   6.15792E+00 0.0828
    3.6195E+00   4.25993E+00 0.0995
    3.6293E+00   4.51300E+00 0.0967
    3.6390E+00   4.21775E+00 0.1000
    3.6488E+00   4.80824E+00 0.0937
    3.6585E+00   4.09122E+00 0.1015
    3.6683E+00   3.71162E+00 0.1066
    3.6780E+00   3.83816E+00 0.1048
    3.6878E+00   5.27219E+00 0.0894
    3.6976E+00   3.83816E+00 0.1048
    3.7073E+00   3.45856E+00 0.1104
    3.7171E+00   4.13340E+00 0.1010
    3.7268E+00   4.80824E+00 0.0937
    3.7366E+00   4.51300E+00 0.0967
    3.7463E+00   4.30211E+00 0.0990
    3.7561E+00   4.93477E+00 0.0925
    3.7659E+00   4.09122E+00 0.1015
    3.7756E+00   3.83816E+00 0.1048
    3.7854E+00   3.71162E+00 0.1066
    3.7951E+00   3.50073E+00 0.1098
    3.8049E+00   4.47082E+00 0.0971
    3.8146E+00   3.28985E+00 0.1132
    3.8244E+00   4.93477E+00 0.0925
    3.8341E+00   4.51300E+00 0.0967
    3.8439E+00   4.17558E+00 0.1005
    3.8537E+00   4.76606E+00 0.0941
    3.8634E+00   4.21775E+00 0.1000
    3.8732E+00   3.58509E+00 0.1085
    3.8829E+00   4.04904E+00 0.1021
    3.8927E+00   3.37420E+00 0.1118
    3.9024E+00   3.92251E+00 0.1037
    3.9122E+00   3.79598E+00 0.1054
    3.9220E+00   4.34429E+00 0.0985
    3.9317E+00   3.83816E+00 0.1048
    3.9415E+00   3.24767E+00 0.1140
    3.9512E+00   3.96469E+00 0.1031
    3.9610E+00   4.85042E+00 0.0933
    3.9707E+00   4.00687E+00 0.1026
    3.9805E+00   3.12114E+00 0.1162
    3.9902E+00   3.41638E+00 0.1111
    4.0000E+00   3.54291E+00 0.1091
    4.0098E+00   3.75380E+00 0.1060
    4.0195E+00   3.33202E+00 0.1125
    4.0293E+00   3.16331E+00 0.1155
    4.0390E+00   3.71162E+00 0.1066
    4.0488E+00   3.24767E+00 0.1140
    4.0585E+00   3.96469E+00 0.1031
    4.0683E+00   3.71162E+00 0.1066
    4.0780E+00   3.24767E+00 0.1140
    4.0878E+00   3.03678E+00 0.1179
    4.0976E+00   3.33202E+00 0.1125
    4.1073E+00   3.12114E+00 0.1162
    4.1171E+00   3.28985E+00 0.1132
    4.1268E+00   4.68171E+00 0.0949
    4.1366E+00   3.28985E+00 0.1132
    4.1463E+00   3.24767E+00 0.1140
    4.1561E+00   3.07896E+00 0.1170
    4.1659E+00   3.33202E+00 0.1125
    4.1756E+00   3.41638E+00 0.1111
    4.1854E+00   3.45856E+00 0.1104
    4.1951E+00   3.54291E+00 0.1091
    4.2049E+00   3.88033E+00 0.1043
    4.2146E+00   3.33202E+00 0.1125
    4.2244E+00   3.24767E+00 0.1140
    4.2341E+00   3.66945E+00 0.1072
    4.2439E+00   3.33202E+00 0.1125
    4.2537E+00   3.71162E+00 0.1066
    4.2634E+00   3.07896E+00 0.1170
    4.2732E+00   2.65718E+00 0.1260
    4.2829E+00   3.07896E+00 0.1170
    4.2927E+00   3.37420E+00 0.1118
    4.3024E+00   3.41638E+00 0.1111
    4.3122E+00   3.24767E+00 0.1140
    4.3220E+00   3.83816E+00 0.1048
    4.3317E+00   2.95243E+00 0.1195
    4.3415E+00   3.37420E+00 0.1118
    4.3512E+00   3.41638E+00 0.1111
    4.3610E+00   3.28985E+00 0.1132
    4.3707E+00   3.16331E+00 0.1155
    4.3805E+00   3.54291E+00 0.1091
    4.3902E+00   2.86807E+00 0.1213
    4.4000E+00   3.20549E+00 0.1147
    4.4098E+00   2.65718E+00 0.1260
    4.4195E+00   2.91025E+00 0.1204
    4.4293E+00   2.40412E+00 0.1325
    4.4390E+00   2.23541E+00 0.1374
    4.4488E+00   2.91025E+00 0.1204
    4.4585E+00   2.65718E+00 0.1260
    4.4683E+00   2.78372E+00 0.1231
    4.4780E+00   2.74154E+00 0.1240
    4.4878E+00   2.82589E+00 0.1222
    4.4976E+00   2.27759E+00 0.1361
    4.5073E+00   2.78372E+00 0.1231
    4.5171E+00   2.57283E+00 0.1280
    4.5268E+00   3.20549E+00 0.1147
    4.5366E+00   2.86807E+00 0.1213
    4.5463E+00   2.53065E+00 0.1291
    4.5561E+00   2.91025E+00 0.1204
    4.5659E+00   3.12114E+00 0.1162
    4.5756E+00   3.24767E+00 0.1140
    4.5854E+00   3.03678E+00 0.1179
    4.5951E+00   2.48847E+00 0.1302
    4.6049E+00   2.61501E+00 0.1270
    4.6146E+00   2.19323E+00 0.1387
    4.6244E+00   2.48847E+00 0.1302
    4.6341E+00   2.78372E+00 0.1231
    4.6439E+00   2.57283E+00 0.1280
    4.6537E+00   1.89799E+00 0.1491
    4.6634E+00   2.44630E+00 0.1313
    4.6732E+00   2.48847E+00 0.1302
    4.6829E+00   2.40412E+00 0.1325
    4.6927E+00   2.53065E+00 0.1291
    4.7024E+00   2.53065E+00 0.1291
    4.7122E+00   2.86807E+00 0.1213
    4.7220E+00   2.48847E+00 0.1302
    4.7317E+00   2.19323E+00 0.1387
    4.7415E+00   2.31976E+00 0.1348
    4.7512E+00   2.74154E+00 0.1240
    4.7610E+00   2.10888E+00 0.1414
    4.7707E+00   2.95243E+00 0.1195
    4.7805E+00   2.53065E+00 0.1291
    4.7902E+00   2.06670E+00 0.1429
    4.8000E+00   1.98234E+00 0.1459
    4.8098E+00   2.02452E+00 0.1443
    4.8195E+00   2.53065E+00 0.1291
    4.8293E+00   2.44630E+00 0.1313
    4.8390E+00   2.19323E+00 0.1387
    4.8488E+00   2.06670E+00 0.1429
    4.8585E+00   2.44630E+00 0.1313
    4.8683E+00   2.27759E+00 0.1361
    4.8780E+00   2.65718E+00 0.1260
    4.8878E+00   2.57283E+00 0.1280
    4.8976E+00   2.19323E+00 0.1387
    4.9073E+00   2.65718E+00 0.1260
    4.9171E+00   1.98234E+00 0.1459
    4.9268E+00   2.23541E+00 0.1374
    4.9366E+00   2.86807E+00 0.1213
    4.9463E+00   2.44630E+00 0.1313
    4.9561E+00   2.57283E+00 0.1280
    4.9659E+00   2.06670E+00 0.1429
    4.9756E+00   1.81363E+00 0.1525
    4.9854E+00   2.31976E+00 0.1348
    4.9951E+00   2.27759E+00 0.1361
    5.0049E+00   2.31976E+00 0.1348
    5.0146E+00   2.15105E+00 0.1400
    5.0244E+00   1.81363E+00 0.1525
    5.0341E+00   1.89799E+00 0.1491
    5.0439E+00   2.36194E+00 0.1336
    5.0537E+00   1.72928E+00 0.1562
    5.0634E+00   2.65718E+00 0.1260
    5.0732E+00   2.23541E+00 0.1374
    5.0829E+00   2.23541E+00 0.1374
    5.0927E+00   1.89799E+00 0.1491
    5.1024E+00   1.94017E+00 0.1474
    5.1122E+00   1.77146E+00 0.1543
    5.1220E+00   1.68710E+00 0.1581
    5.1317E+00   1.39186E+00 0.1741
    5.1415E+00   2.27759E+00 0.1361
    5.1512E+00   1.94017E+00 0.1474
    5.1610E+00   2.02452E+00 0.1443
    5.1707E+00   2.02452E+00 0.1443
    5.1805E+00   1.47621E+00 0.1690
    5.1902E+00   2.19323E+00 0.1387
    5.2000E+00   1.72928E+00 0.1562
    5.2098E+00   1.68710E+00 0.1581
    5.2195E+00   1.94017E+00 0.1474
    5.2293E+00   2.23541E+00 0.1374
    5.2390E+00   1.64492E+00 0.1601
    5.2488E+00   1.77146E+00 0.1543
    5.2585E+00   2.06670E+00 0.1429
    5.2683E+00   1.43404E+00 0.1715
    5.2780E+00   1.81363E+00 0.1525
    5.2878E+00   1.89799E+00 0.1491
    5.2976E+00   1.47621E+00 0.1690
    5.3073E+00   1.98234E+00 0.1459
    5.3171E+00   1.72928E+00 0.1562
    5.3268E+00   1.77146E+00 0.1543
    5.3366E+00   1.98234E+00 0.1459
    5.3463E+00   1.56057E+00 0.1644
    5.3561E+00   1.85581E+00 0.1508
    5.3659E+00   1.34968E+00 0.1768
    5.3756E+00   2.02452E+00 0.1443
    5.3854E+00   1.85581E+00 0.1508
    5.3951E+00   2.48847E+00 0.1302
    5.4049E+00   2.48847E+00 0.1302
    5.4146E+00   2.06670E+00 0.1429
    5.4244E+00   1.56057E+00 0.1644
    5.4341E+00   1.05444E+00 0.2000
    5.4439E+00   1.64492E+00 0.1601
    5.4537E+00   1.64492E+00 0.1601
    5.4634E+00   1.72928E+00 0.1562
    5.4732E+00   2.15105E+00 0.1400
    5.4829E+00   1.89799E+00 0.1491
    5.4927E+00   1.81363E+00 0.1525
    5.5024E+00   2.27759E+00 0.1361
    5.5122E+00   2.10888E+00 0.1414
    5.5220E+00   1.89799E+00 0.1491
    5.5317E+00   1.51839E+00 0.1667
    5.5415E+00   1.98234E+00 0.1459
    5.5512E+00   1.43404E+00 0.1715
    5.5610E+00   2.06670E+00 0.1429
    5.5707E+00   1.43404E+00 0.1715
    5.5805E+00   1.30750E+00 0.1796
    5.5902E+00   1.77146E+00 0.1543
    5.6000E+00   1.94017E+00 0.1474
    5.6098E+00   1.81363E+00 0.1525
    5.6195E+00   1.30750E+00 0.1796
    5.6293E+00   1.60275E+00 0.1622
    5.6390E+00   1.81363E+00 0.1525
    5.6488E+00   1.39186E+00 0.1741
    5.6585E+00   2.02452E+00 0.1443
    5.6683E+00   1.39186E+00 0.1741
    5.6780E+00   1.47621E+00 0.1690
    5.6878E+00   1.30750E+00 0.1796
    5.6976E+00   1.72928E+00 0.1562
    5.7073E+00   1.47621E+00 0.1690
    5.7171E+00   1.56057E+00 0.1644
    5.7268E+00   1.51839E+00 0.1667
    5.7366E+00   1.22315E+00 0.1857
    5.7463E+00   1.22315E+00 0.1857
    5.7561E+00   1.26533E+00 0.1826
    5.7659E+00   1.85581E+00 0.1508
    5.7756E+00   1.60275E+00 0.1622
    5.7854E+00   1.51839E+00 0.1667
    5.7951E+00   1.47621E+00 0.1690
    5.8049E+00   1.39186E+00 0.1741
    5.8146E+00   1.51839E+00 0.1667
    5.8244E+00   1.51839E+00 0.1667
    5.8341E+00   1.26533E+00 0.1826
    5.8439E+00   1.22315E+00 0.1857
    5.8537E+00   1.34968E+00 0.1768
    5.8634E+00   1.34968E+00 0.1768
    5.8732E+00   1.72928E+00 0.1562
    5.8829E+00   1.22315E+00 0.1857
    5.8927E+00   1.30750E+00 0.1796
    5.9024E+00   1.30750E+00 0.1796
    5.9122E+00   1.30750E+00 0.1796
    5.9220E+00   1.13879E+00 0.1925
    5.9317E+00   1.26533E+00 0.1826
    5.9415E+00   9.70083E-01 0.2085
    5.9512E+00   1.22315E+00 0.1857
    5.9610E+00   1.05444E+00 0.2000
    5.9707E+00   1.34968E+00 0.1768
    5.9805E+00   1.34968E+00 0.1768
    5.9902E+00   1.85581E+00 0.1508
    6.0000E+00   1.47621E+00 0.1690
    6.0098E+00   1.56057E+00 0.1644
    6.0195E+00   1.22315E+00 0.1857
    6.0293E+00   1.56057E+00 0.1644
    6.0390E+00   1.47621E+00 0.1690
    6.0488E+00   1.39186E+00 0.1741
    6.0585E+00   1.13879E+00 0.1925
    6.0683E+00   1.01226E+00 0.2041
    6.0780E+00   8.43551E-01 0.2236
    6.0878E+00   8.43551E-01 0.2236
    6.0976E+00   5.90485E-01 0.2673
    6.1073E+00   1.09662E+00 0.1961
    6.1171E+00   1.09662E+00 0.1961
    6.1268E+00   1.39186E+00 0.1741
    6.1366E+00   1.22315E+00 0.1857
    6.1463E+00   1.01226E+00 0.2041
    6.1561E+00   8.01373E-01 0.2294
    6.1659E+00   8.43551E-01 0.2236
    6.1756E+00   9.27906E-01 0.2132
    6.1854E+00   8.01373E-01 0.2294
    6.1951E+00   9.70083E-01 0.2085
    6.2049E+00   9.70083E-01 0.2085
    6.2146E+00   8.85728E-01 0.2182
    6.2244E+00   1.01226E+00 0.2041
    6.2341E+00   1.05444E+00 0.2000
    6.2439E+00   7.59196E-01 0.2357
    6.2537E+00   9.70083E-01 0.2085
    6.2634E+00   8.43551E-01 0.2236
    6.2732E+00   7.17018E-01 0.2425
    6.2829E+00   8.85728E-01 0.2182
    6.2927E+00   1.01226E+00 0.2041
    6.3024E+00   7.59196E-01 0.2357
    6.3122E+00   1.09662E+00 0.1961
    6.3220E+00   1.22315E+00 0.1857
    6.3317E+00   8.43551E-01 0.2236
    6.3415E+00   1.22315E+00 0.1857
    6.3512E+00   8.01373E-01 0.2294
    6.3610E+00   1.01226E+00 0.2041
    6.3707E+00   1.22315E+00 0.1857
    6.3805E+00   8.85728E-01 0.2182
    6.3902E+00   6.32663E-01 0.2582
    6.4000E+00   1.18097E+00 0.1890
    6.4098E+00   9.70083E-01 0.2085
    6.4195E+00   6.32663E-01 0.2582
    6.4293E+00   5.90485E-01 0.2673
    6.4390E+00   9.27906E-01 0.2132
    6.4488E+00   7.17018E-01 0.2425
    6.4585E+00   7.59196E-01 0.2357
    6.4683E+00   1.05444E+00 0.2000
    6.4780E+00   8.43551E-01 0.2236
    6.4878E+00   8.43551E-01 0.2236
    6.4976E+00   8.43551E-01 0.2236
    6.5073E+00   1.05444E+00 0.2000
    6.5171E+00   8.85728E-01 0.2182
    6.5268E+00   6.32663E-01 0.2582
    6.5366E+00   5.48308E-01 0.2774
    6.5463E+00   9.70083E-01 0.2085
    6.5561E+00   1.18097E+00 0.1890
    6.5659E+00   1.56057E+00 0.1644
    6.5756E+00   1.34968E+00 0.1768
    6.5854E+00   1.68710E+00 0.1581
    6.5951E+00   6.32663E-01 0.2582
    6.6049E+00   8.01373E-01 0.2294
    6.6146E+00   7.17018E-01 0.2425
    6.6244E+00   1.09662E+00 0.1961
    6.6341E+00   8.01373E-01 0.2294
    6.6439E+00   8.43551E-01 0.2236
    6.6537E+00   4.21775E-01 0.3162
    6.6634E+00   8.01373E-01 0.2294
    6.6732E+00   6.74840E-01 0.2500
    6.6829E+00   8.01373E-01 0.2294
    6.6927E+00   1.13879E+00 0.1925
    6.7024E+00   8.01373E-01 0.2294
    6.7122E+00   1.05444E+00 0.2000
    6.7220E+00   8.43551E-01 0.2236
    6.7317E+00   7.59196E-01 0.2357
    6.7415E+00   5.48308E-01 0.2774
    6.7512E+00   1.05444E+00 0.2000
    6.7610E+00   8.85728E-01 0.2182
    6.7707E+00   7.59196E-01 0.2357
    6.7805E+00   8.01373E-01 0.2294
    6.7902E+00   7.59196E-01 0.2357
    6.8000E+00   8.85728E-01 0.2182
    6.8098E+00   8.43551E-01 0.2236
    6.8195E+00   4.63953E-01 0.3015
    6.8293E+00   1.01226E+00 0.2041
    6.8390E+00   6.74840E-01 0.2500
    6.8488E+00   6.32663E-01 0.2582
    6.8585E+00   9.70083E-01 0.2085
    6.8683E+00   6.74840E-01 0.2500
    6.8780E+00   8.43551E-01 0.2236
    6.8878E+00   8.43551E-01 0.2236
    6.8976E+00   9.70083E-01 0.2085
    6.9073E+00   8.43551E-01 0.2236
    6.9171E+00   8.85728E-01 0.2182
    6.9268E+00   7.17018E-01 0.2425
    6.9366E+00   5.48308E-01 0.2774
    6.9463E+00   6.74840E-01 0.2500
    6.9561E+00   8.01373E-01 0.2294
    6.9659E+00   8.43551E-01 0.2236
    6.9756E+00   3.79598E-01 0.3333
    6.9854E+00   6.74840E-01 0.2500
    6.9951E+00   5.48308E-01 0.2774
    7.0049E+00   4.63953E-01 0.3015
    7.0146E+00   2.53065E-01 0.4082
    7.0244E+00   6.32663E-01 0.2582
    7.0341E+00   5.48308E-01 0.2774
    7.0439E+00   5.48308E-01 0.2774
    7.0537E+00   5.90485E-01 0.2673
    7.0634E+00   2.19323E+00 0.1387
    7.0732E+00   2.10888E+00 0.1414
    7.0829E+00   1.85581E+00 0.1508
    7.0927E+00   2.19323E+00 0.1387
    7.1024E+00   2.40412E+00 0.1325
    7.1122E+00   1.01226E+00 0.2041
    7.1220E+00   1.22315E+00 0.1857
    7.1317E+00   5.90485E-01 0.2673
    7.1415E+00   1.01226E+00 0.2041
    7.1512E+00   1.30750E+00 0.1796
    7.1610E+00   6.74840E-01 0.2500
    7.1707E+00   6.32663E-01 0.2582
    7.1805E+00   7.17018E-01 0.2425
    7.1902E+00   7.17018E-01 0.2425
    7.2000E+00   6.74840E-01 0.2500
    7.2098E+00   1.01226E+00 0.2041
    7.2195E+00   9.27906E-01 0.2132
    7.2293E+00   9.27906E-01 0.2132
    7.2390E+00   7.59196E-01 0.2357
    7.2488E+00   1.05444E+00 0.2000
    7.2585E+00   7.59196E-01 0.2357
    7.2683E+00   5.06130E-01 0.2887
    7.2780E+00   5.90485E-01 0.2673
    7.2878E+00   7.17018E-01 0.2425
    7.2976E+00   4.63953E-01 0.3015
    7.3073E+00   7.59196E-01 0.2357
    7.3171E+00   5.90485E-01 0.2673
    7.3268E+00   8.01373E-01 0.2294
    7.3366E+00   5.48308E-01 0.2774
    7.3463E+00   7.17018E-01 0.2425
    7.3561E+00   5.90485E-01 0.2673
    7.3659E+00   5.90485E-01 0.2673
    7.3756E+00   5.48308E-01 0.2774
    7.3854E+00   5.06130E-01 0.2887
    7.3951E+00   4.63953E-01 0.3015
    7.4049E+00   2.95243E-01 0.3780
    7.4146E+00   3.37420E-01 0.3536
    7.4244E+00   4.63953E-01 0.3015
    7.4341E+00   6.32663E-01 0.2582
    7.4439E+00   4.21775E-01 0.3162
    7.4537E+00   4.63953E-01 0.3015
    7.4634E+00   1.68710E-01 0.5000
    7.4732E+00   2.95243E-01 0.3780
    7.4829E+00   1.68710E-01 0.5000
    7.4927E+00   3.37420E-01 0.3536
    7.5024E+00   2.53065E-01 0.4082
    7.5122E+00   1.26533E-01 0.5774
    7.5220E+00   2.53065E-01 0.4082
    7.5317E+00   3.37420E-01 0.3536
    7.5415E+00   2.53065E-01 0.4082
    7.5512E+00   5.06130E-01 0.2887
    7.5610E+00   2.95243E-01 0.3780
    7.5707E+00   1.05444E+00 0.2000
    7.5805E+00   1.05444E+00 0.2000
    7.5902E+00   1.26533E+00 0.1826
    7.6000E+00   1.18097E+00 0.1890
    7.6098E+00   1.34968E+00 0.1768
    7.6195E+00   3.37420E-01 0.3536
    7.6293E+00   2.53065E-01 0.4082
    7.6390E+00   1.68710E-01 0.5000
    7.6488E+00   4.63953E-01 0.3015
    7.6585E+00   4.63953E-01 0.3015
    7.6683E+00   3.37420E-01 0.3536
    7.6780E+00   2.10888E-01 0.4472
    7.6878E+00   1.68710E-01 0.5000
    7.6976E+00   3.37420E-01 0.3536
    7.7073E+00   3.37420E-01 0.3536
    7.7171E+00   3.37420E-01 0.3536
    7.7268E+00   4.21775E-01 0.3162
    7.7366E+00   2.53065E-01 0.4082
    7.7463E+00   3.79598E-01 0.3333
    7.7561E+00   3.79598E-01 0.3333
    7.7659E+00   2.53065E-01 0.4082
    7.7756E+00   1.68710E-01 0.5000
    7.7854E+00   1.26533E-01 0.5774
    7.7951E+00   5.06130E-01 0.2887
    7.8049E+00   1.68710E-01 0.5000
    7.8146E+00   1.26533E-01 0.5774
    7.8244E+00   1.26533E-01 0.5774
    7.8341E+00   1.68710E-01 0.5000
    7.8439E+00   1.26533E-01 0.5774
    7.8537E+00   2.53065E-01 0.4082
    7.8634E+00   8.43551E-02 0.7071
    7.8732E+00   4.21775E-01 0.3162
    7.8829E+00   2.95243E-01 0.3780
    7.8927E+00   3.37420E-01 0.3536
    7.9024E+00   3.79598E-01 0.3333
    7.9122E+00   2.53065E-01 0.4082
    7.9220E+00   1.26533E-01 0.5774
    7.9317E+00   2.10888E-01 0.4472
    7.9415E+00   2.53065E-01 0.4082
    7.9512E+00   2.10888E-01 0.4472
    7.9610E+00   2.10888E-01 0.4472
    7.9707E+00   2.53065E-01 0.4082
    7.9805E+00   1.26533E-01 0.5774
    7.9902E+00   1.26533E-01 0.5774
    8.0000E+00   8.43551E-02 0.7071
    8.0098E+00   1.26533E-01 0.5774
    8.0195E+00   1.68710E-01 0.5000
    8.0293E+00   1.68710E-01 0.5000
    8.0390E+00   2.53065E-01 0.4082
    8.0488E+00   1.26533E-01 0.5774
    8.0585E+00   1.26533E-01 0.5774
    8.0683E+00   1.68710E-01 0.5000
    8.0780E+00   2.10888E-01 0.4472
    8.0878E+00   8.43551E-02 0.7071
    8.0976E+00   2.53065E-01 0.4082
    8.1073E+00   1.68710E-01 0.5000
    8.1171E+00   1.68710E-01 0.5000
    8.1268E+00   1.26533E-01 0.5774
    8.1366E+00   2.53065E-01 0.4082
    8.1463E+00   2.10888E-01 0.4472
    8.1561E+00   1.26533E-01 0.5774
    8.1659E+00   8.43551E-02 0.7071
    8.1756E+00   1.68710E-01 0.5000
    8.1854E+00   2.53065E-01 0.4082
    8.1951E+00   8.43551E-02 0.7071
    8.2049E+00   2.10888E-01 0.4472
    8.2146E+00   8.43551E-02 0.7071
    8.2244E+00   1.68710E-01 0.5000
    8.2341E+00   4.63953E-01 0.3015
    8.2439E+00   1.68710E-01 0.5000
    8.2537E+00   3.37420E-01 0.3536
    8.2634E+00   2.53065E-01 0.4082
    8.2732E+00   1.68710E-01 0.5000
    8.2829E+00   8.43551E-02 0.7071
    8.2927E+00   1.68710E-01 0.5000
    8.3024E+00   1.68710E-01 0.5000
    8.3122E+00   1.26533E-01 0.5774
    8.3220E+00   8.43551E-02 0.7071
    8.3317E+00   1.68710E-01 0.5000
    8.3415E+00   1.26533E-01 0.5774
    8.3512E+00   1.26533E-01 0.5774
    8.3610E+00   2.10888E-01 0.4472
    8.3707E+00   2.10888E-01 0.4472
    8.3805E+00   2.53065E-01 0.4082
    8.3902E+00   1.68710E-01 0.5000
    8.4000E+00   1.68710E-01 0.5000
    8.4098E+00   1.68710E-01 0.5000
    8.4195E+00   2.53065E-01 0.4082
    8.4293E+00   8.43551E-02 0.7071
    8.4390E+00   2.53065E-01 0.4082
    8.4488E+00   2.53065E-01 0.4082
    8.4585E+00   2.10888E-01 0.4472
    8.4683E+00   4.21775E-02 1.0000
    8.4780E+00   4.21775E-02 1.0000
    8.4878E+00   4.21775E-02 1.0000
    8.4976E+00   2.10888E-01 0.4472
    8.5073E+00   2.10888E-01 0.4472
    8.5171E+00   2.95243E-01 0.3780
    8.5268E+00   4.21775E-02 1.0000
    8.5366E+00   8.43551E-02 0.7071
    8.5463E+00   2.10888E-01 0.4472
    8.5561E+00   1.68710E-01 0.5000
    8.5659E+00   1.26533E-01 0.5774
    8.5756E+00   2.10888E-01 0.4472
    8.5854E+00   2.10888E-01 0.4472
    8.5951E+00   1.26533E-01 0.5774
    8.6049E+00   2.95243E-01 0.3780
    8.6146E+00   4.21775E-02 1.0000
    8.6244E+00   4.21775E-02 1.0000
    8.6341E+00   1.26533E-01 0.5774
    8.6439E+00   2.53065E-01 0.4082
    8.6537E+00   4.21775E-02 1.0000
    8.6634E+00   4.21775E-02 1.0000
    8.6732E+00   2.10888E-01 0.4472
    8.6829E+00   4.21775E-02 1.0000
    8.6927E+00   8.43551E-02 0.7071
    8.7024E+00   8.43551E-02 0.7071
    8.7122E+00   2.53065E-01 0.4082
    8.7220E+00   2.95243E-01 0.3780
    8.7317E+00   1.68710E-01 0.5000
    8.7415E+00   3.37420E-01 0.3536
    8.7512E+00   1.68710E-01 0.5000
    8.7610E+00   3.37420E-01 0.3536
    8.7707E+00   1.68710E-01 0.5000
    8.7805E+00   1.26533E-01 0.5774
    8.7902E+00   2.53065E-01 0.4082
    8.8000E+00   1.26533E-01 0.5774
    8.8098E+00   8.43551E-02 0.7071
    8.8195E+00   8.43551E-02 0.7071
    8.8293E+00   1.68710E-01 0.5000
    8.8390E+00   1.26533E-01 0.5774
    8.8488E+00   1.26533E-01 0.5774
    8.8585E+00   2.53065E-01 0.4082
    8.8683E+00   8.43551E-02 0.7071
    8.8780E+00   4.21775E-02 1.0000
    8.8878E+00   2.10888E-01 0.4472
    8.8976E+00   1.26533E-01 0.5774
    8.9073E+00   0.00000E+00 0.0000
    8.9171E+00   4.21775E-02 1.0000
    8.9268E+00   1.26533E-01 0.5774
    8.9366E+00   8.43551E-02 0.7071
    8.9463E+00   8.43551E-02 0.7071
    8.9561E+00   4.21775E-02 1.0000
    8.9659E+00   8.43551E-02 0.7071
    8.9756E+00   1.26533E-01 0.5774
    8.9854E+00   1.26533E-01 0.5774
    8.9951E+00   4.21775E-02 1.0000
    9.0049E+00   4.21775E-02 1.0000
    9.0146E+00   4.21775E-02 1.0000
    9.0244E+00   8.43551E-02 0.7071
    9.0341E+00   0.00000E+00 0.0000
    9.0439E+00   1.26533E-01 0.5774
    9.0537E+00   4.21775E-02 1.0000
    9.0634E+00   1.26533E-01 0.5774
    9.0732E+00   1.26533E-01 0.5774
    9.0829E+00   3.37420E-01 0.3536
    9.0927E+00   8.43551E-02 0.7071
    9.1024E+00   0.00000E+00 0.0000
    9.1122E+00   1.68710E-01 0.5000
    9.1220E+00   4.21775E-02 1.0000
    9.1317E+00   4.21775E-02 1.0000
    9.1415E+00   2.10888E-01 0.4472
    9.1512E+00   8.43551E-02 0.7071
    9.1610E+00   8.43551E-02 0.7071
    9.1707E+00   4.21775E-02 1.0000
    9.1805E+00   4.21775E-02 1.0000
    9.1902E+00   0.00000E+00 0.0000
    9.2000E+00   1.68710E-01 0.5000
    9.2098E+00   1.26533E-01 0.5774
    9.2195E+00   8.43551E-02 0.7071
    9.2293E+00   2.53065E-01 0.4082
    9.2390E+00   8.43551E-02 0.7071
    9.2488E+00   2.10888E-01 0.4472
    9.2585E+00   4.21775E-02 1.0000
    9.2683E+00   8.43551E-02 0.7071
    9.2780E+00   4.21775E-02 1.0000
    9.2878E+00   4.21775E-02 1.0000
    9.2976E+00   1.26533E-01 0.5774
    9.3073E+00   8.43551E-02 0.7071
    9.3171E+00   0.00000E+00 0.0000
    9.3268E+00   4.21775E-02 1.0000
    9.3366E+00   4.21775E-02 1.0000
    9.3463E+00   0.00000E+00 0.0000
    9.3561E+00   4.21775E-02 1.0000
    9.3659E+00   4.21775E-02 1.0000
    9.3756E+00   4.21775E-02 1.0000
    9.3854E+00   2.53065E-01 0.4082
    9.3951E+00   4.21775E-02 1.0000
    9.4049E+00   8.43551E-02 0.7071
    9.4146E+00   4.21775E-02 1.0000
    9.4244E+00   0.00000E+00 0.0000
    9.4341E+00   0.00000E+00 0.0000
    9.4439E+00   4.21775E-02 1.0000
    9.4537E+00   8.43551E-02 0.7071
    9.4634E+00   8.43551E-02 0.7071
    9.4732E+00   4.21775E-02 1.0000
    9.4829E+00   8.43551E-02 0.7071
    9.4927E+00   8.43551E-02 0.7071
    9.5024E+00   4.21775E-02 1.0000
    9.5122E+00   0.00000E+00 0.0000
    9.5220E+00   1.26533E-01 0.5774
    9.5317E+00   1.26533E-01 0.5774
    9.5415E+00   1.26533E-01 0.5774
    9.5512E+00   8.43551E-02 0.7071
    9.5610E+00   4.21775E-02 1.0000
    9.5707E+00   8.43551E-02 0.7071
    9.5805E+00   4.21775E-02 1.0000
    9.5902E+00   4.21775E-02 1.0000
    9.6000E+00   4.21775E-02 1.0000
    9.6098E+00   4.21775E-02 1.0000
    9.6195E+00   4.21775E-02 1.0000
    9.6293E+00   1.26533E-01 0.5774
    9.6390E+00   4.21775E-02 1.0000
    9.6488E+00   4.21775E-02 1.0000
    9.6585E+00   4.21775E-02 1.0000
    9.6683E+00   4.21775E-02 1.0000
    9.6780E+00   1.26533E-01 0.5774
    9.6878E+00   8.43551E-02 0.7071
    9.6976E+00   4.21775E-02 1.0000
    9.7073E+00   0.00000E+00 0.0000
    9.7171E+00   0.00000E+00 0.0000
    9.7268E+00   4.21775E-02 1.0000
    9.7366E+00   4.21775E-02 1.0000
    9.7463E+00   0.00000E+00 0.0000
    9.7561E+00   4.21775E-02 1.0000
    9.7659E+00   0.00000E+00 0.0000
    9.7756E+00   8.43551E-02 0.7071
    9.7854E+00   0.00000E+00 0.0000
    9.7951E+00   0.00000E+00 0.0000
    9.8049E+00   4.21775E-02 1.0000
    9.8146E+00   4.21775E-02 1.0000
    9.8244E+00   8.43551E-02 0.7071
    9.8341E+00   8.43551E-02 0.7071
    9.8439E+00   0.00000E+00 0.0000
    9.8537E+00   8.43551E-02 0.7071
    9.8634E+00   4.21775E-02 1.0000
    9.8732E+00   0.00000E+00 0.0000
    9.8829E+00   0.00000E+00 0.0000
    9.8927E+00   0.00000E+00 0.0000
    9.9024E+00   4.21775E-02 1.0000
    9.9122E+00   8.43551E-02 0.7071
    9.9220E+00   8.43551E-02 0.7071
    9.9317E+00   4.21775E-02 1.0000
    9.9415E+00   4.21775E-02 1.0000
    9.9512E+00   4.21775E-02 1.0000
    9.9610E+00   4.21775E-02 1.0000
    9.9707E+00   0.00000E+00 0.0000
    9.9805E+00   8.43551E-02 0.7071
    9.9902E+00   0.00000E+00 0.0000
    1.0000E+01   0.00000E+00 0.0000