  0.000000   0.00000000 
   0.009756 14282.84957689 
   0.019512 632.96887120 
   0.029268 535.20725660 
   0.039024 582.08461601 
   0.048780 1073.27887725 
   0.058537 1801.26957699 
   0.068293 1150.84285682 
   0.078049 721.86451984 
   0.087805 736.92348438 
   0.097561 787.20834360 
   0.107320 829.35485216 
   0.117070 855.23851688 
   0.126830 853.50434992 
   0.136590 824.20147714 
   0.146340 757.83505375 
   0.156100 661.44922860 
   0.165850 581.18370802 
   0.175610 544.29701855 
   0.185370 547.00993500 
   0.195120 573.71449238 
   0.204880 580.78405359 
   0.214630 533.58137306 
   0.224390 459.62953461 
   0.234150 401.84021969 
   0.243900 366.80712000 
   0.253660 342.41983536 
   0.263410 320.48808689 
   0.273170 298.67977055 
   0.282930 278.14962045 
   0.292680 260.44503714 
   0.302440 245.61138778 
   0.312200 232.96416568 
   0.321950 221.99031056 
   0.331710 212.34659606 
   0.341460 203.79164860 
   0.351220 196.15867225 
   0.360980 189.44363811 
   0.370730 183.87964005 
   0.380490 180.25115298 
   0.390240 179.89454083 
   0.400000 183.50667920 
   0.409760 189.57609555 
   0.419510 194.58431330 
   0.429270 195.39379750 
   0.439020 190.99626757 
   0.448780 182.09488646 
   0.458540 170.23992643 
   0.468290 157.69997562 
   0.478050 146.97039885 
   0.487800 139.65035173 
   0.497560 135.44308948 
   0.507320 132.37562648 
   0.517070 128.00519335 
   0.526830 121.07473882 
   0.536590 112.36683631 
   0.546340 103.91896004 
   0.556100  97.43436412 
   0.565850  93.45884366 
   0.575610  91.54386417 
   0.585370  90.92885564 
   0.595120  90.94729072 
   0.604880  91.09535616 
   0.614630  90.91139521 
   0.624390  89.90727699 
   0.634150  87.69430794 
   0.643900  84.22402608 
   0.653660  79.86978742 
   0.663410  75.27254080 
   0.673170  70.98843013 
   0.682930  67.31479083 
   0.692680  64.28747784 
   0.702440  61.81632419 
   0.712200  59.82609330 
   0.721950  58.27345902 
   0.731710  57.10534670 
   0.741460  56.24035913 
   0.751220  55.60246435 
   0.760980  55.24645805 
   0.770730  55.49345371 
   0.780490  57.01619929 
   0.790240  60.76694485 
   0.800000  67.67833241 
   0.809760  78.04501641 
   0.819510  90.84276328 
   0.829270 103.49984841 
   0.839020 112.40120738 
   0.848780 114.41833573 
   0.858540 108.38469412 
   0.868290  95.78572409 
   0.878050  79.94351350 
   0.887800  64.51628488 
   0.897560  51.97489824 
   0.907320  43.20449051 
   0.917070  37.81231567 
   0.926830  34.85539440 
   0.936590  33.46114885 
   0.946340  33.06085821 
   0.956100  33.38651631 
   0.965850  34.33454357 
   0.975610  35.80983740 
   0.985370  37.60377793 
   0.995120  39.36065274 
   1.004900  40.64982507 
   1.014600  41.08294821 
   1.024400  40.48158592 
   1.034100  38.94012715 
   1.043900  36.73455384 
   1.053700  34.28577899 
   1.063400  31.98414580 
   1.073200  30.01713473 
   1.082900  28.51022085 
   1.092700  27.40467202 
   1.102400  26.63616000 
   1.112200  26.08847162 
   1.122000  25.68926686 
   1.131700  25.39366944 
   1.141500  25.18378536 
   1.151200  25.08024245 
   1.161000  25.11454084 
   1.170700  25.32248514 
   1.180500  25.73255254 
   1.190200  26.32925186 
   1.200000  27.06875764 
   1.209800  27.83224378 
   1.219500  28.45642841 
   1.229300  28.79020205 
   1.239000  28.70837018 
   1.248800  28.17734203 
   1.258500  27.27794529 
   1.268300  26.14196286 
   1.278000  24.96913258 
   1.287800  23.88899492 
   1.297600  23.00877378 
   1.307300  22.36345326 
   1.317100  21.92141511 
   1.326800  21.65149440 
   1.336600  21.50502472 
   1.346300  21.44941723 
   1.356100  21.45467864 
   1.365900  21.49565108 
   1.375600  21.54443229 
   1.385400  21.57207988 
   1.395100  21.54803929 
   1.404900  21.44628010 
   1.414600  21.25482808 
   1.424400  20.97155794 
   1.434100  20.62050226 
   1.443900  20.22518880 
   1.453700  19.82425293 
   1.463400  19.45244929 
   1.473200  19.12314601 
   1.482900  18.85274596 
   1.492700  18.63662035 
   1.502400  18.47538145 
   1.512200  18.36072229 
   1.522000  18.29036607 
   1.531700  18.26108378 
   1.541500  18.26857818 
   1.551200  18.30706166 
   1.561000  18.36841394 
   1.570700  18.43927442 
   1.580500  18.50657534 
   1.590200  18.55461330 
   1.600000  18.57279341 
   1.609800  18.55469538 
   1.619500  18.50314641 
   1.629300  18.42752172 
   1.639000  18.34637560 
   1.648800  18.27866859 
   1.658500  18.24476901 
   1.668300  18.25676215 
   1.678000  18.31677438 
   1.687800  18.41675069 
   1.697600  18.53735936 
   1.707300  18.65444547 
   1.717100  18.75076131 
   1.726800  18.81435368 
   1.736600  18.84887100 
   1.746300  18.86622985 
   1.756100  18.88351273 
   1.765900  18.91254879 
   1.775600  18.95262673 
   1.785400  18.98907751 
   1.795100  18.99363844 
   1.804900  18.93394217 
   1.814600  18.78456880 
   1.824400  18.52949271 
   1.834100  18.17913739 
   1.843900  17.74840131 
   1.853700  17.27363716 
   1.863400  16.79568077 
   1.873200  16.33576703 
   1.882900  15.92501752 
   1.892700  15.56686099 
   1.902400  15.27182468 
   1.912200  15.03107403 
   1.922000  14.84154705 
   1.931700  14.69605167 
   1.941500  14.58184693 
   1.951200  14.49088273 
   1.961000  14.41082696 
   1.970700  14.33445373 
   1.980500  14.25445290 
   1.990200  14.17158874 
   2.000000  14.08897388 
   2.009800  14.01767991 
   2.019500  13.97185318 
   2.029300  13.96491702 
   2.039000  14.00825177 
   2.048800  14.10764070 
   2.058500  14.25693650 
   2.068300  14.44521293 
   2.078000  14.64669805 
   2.087800  14.83909308 
   2.097600  14.99519310 
   2.107300  15.09678311 
   2.117100  15.14091455 
   2.126800  15.13549993 
   2.136600  15.10118783 
   2.146300  15.06520574 
   2.156100  15.05204941 
   2.165900  15.07822685 
   2.175600  15.14435605 
   2.185400  15.23771367 
   2.195100  15.33035709 
   2.204900  15.39202785 
   2.214600  15.39171294 
   2.224400  15.30800690 
   2.234100  15.13406113 
   2.243900  14.87080975 
   2.253700  14.53484582 
   2.263400  14.15195088 
   2.273200  13.73741770 
   2.282900  13.32070008 
   2.292700  12.91046082 
   2.302400  12.52743031 
   2.312200  12.17179192 
   2.322000  11.85206057 
   2.331700  11.57252425 
   2.341500  11.32709741 
   2.351200  11.11943018 
   2.361000  10.94359385 
   2.370700  10.80190795 
   2.380500  10.69087461 
   2.390200  10.61286468 
   2.400000  10.56665855 
   2.409800  10.55324288 
   2.419500  10.57119292 
   2.429300  10.61814453 
   2.439000  10.68853647 
   2.448800  10.77730878 
   2.458500  10.87483264 
   2.468300  10.97448254 
   2.478000  11.06585300 
   2.487800  11.14338599 
   2.497600  11.20043386 
   2.507300  11.23354046 
   2.517100  11.24273412 
   2.526800  11.22944636 
   2.536600  11.19665607 
   2.546300  11.14887172 
   2.556100  11.08860564 
   2.565900  11.01858247 
   2.575600  10.94036056 
   2.585400  10.85164466 
   2.595100  10.75290620 
   2.604900  10.64107327 
   2.614600  10.51868487 
   2.624400  10.38542986 
   2.634100  10.24826821 
   2.643900  10.11032507 
   2.653700   9.97976670 
   2.663400   9.86407329 
   2.673200   9.76563237 
   2.682900   9.68869956 
   2.692700   9.63090141 
   2.702400   9.58952560 
   2.712200   9.55702894 
   2.722000   9.52528657 
   2.731700   9.48553154 
   2.741500   9.42857117 
   2.751200   9.34942269 
   2.761000   9.24338555 
   2.770700   9.11319077 
   2.780500   8.96022189 
   2.790200   8.79433355 
   2.800000   8.62054937 
   2.809800   8.44938811 
   2.819500   8.29050598 
   2.829300   8.14714787 
   2.839000   8.02691062 
   2.848800   7.93041469 
   2.858500   7.86149741 
   2.868300   7.81993638 
   2.878000   7.80746013 
   2.887800   7.82451607 
   2.897600   7.87168050 
   2.907300   7.94737029 
   2.917100   8.05082268 
   2.926800   8.17526905 
   2.936600   8.31565358 
   2.946300   8.45867162 
   2.956100   8.59425241 
   2.965900   8.70648514 
   2.975600   8.78074916 
   2.985400   8.80682364 
   2.995100   8.77650176 
   3.004900   8.68662067 
   3.014600   8.54217849 
   3.024400   8.34875976 
   3.034100   8.12284722 
   3.043900   7.87484899 
   3.053700   7.62249532 
   3.063400   7.38222833 
   3.073200   7.16018144 
   3.082900   6.96828926 
   3.092700   6.80642457 
   3.102400   6.67845503 
   3.112200   6.57978373 
   3.122000   6.50819317 
   3.131700   6.45939869 
   3.141500   6.42732935 
   3.151200   6.40759598 
   3.161000   6.39484428 
   3.170700   6.38474817 
   3.180500   6.37286695 
   3.190200   6.35582409 
   3.200000   6.33034541 
   3.209800   6.29457349 
   3.219500   6.24816086 
   3.229300   6.19046268 
   3.239000   6.12411073 
   3.248800   6.05022332 
   3.258500   5.97349865 
   3.268300   5.89598777 
   3.278000   5.82286739 
   3.287800   5.75590885 
   3.297600   5.69850988 
   3.307300   5.65278691 
   3.317100   5.61848690 
   3.326800   5.59602225 
   3.336600   5.58378033 
   3.346300   5.58022170 
   3.356100   5.58301853 
   3.365900   5.58974727 
   3.375600   5.59777765 
   3.385400   5.60482941 
   3.395100   5.60850883 
   3.404900   5.60683252 
   3.414600   5.59807310 
   3.424400   5.58060300 
   3.434100   5.55376904 
   3.443900   5.51651190 
   3.453700   5.46915100 
   3.463400   5.41304984 
   3.473200   5.34840195 
   3.482900   5.27836676 
   3.492700   5.20371166 
   3.502400   5.12827039 
   3.512200   5.05273127 
   3.522000   4.97982459 
   3.531700   4.91172131 
   3.541500   4.84795933 
   3.551200   4.79023045 
   3.561000   4.73725299 
   3.570700   4.68964350 
   3.580500   4.64570571 
   3.590200   4.60553214 
   3.600000   4.56751085 
   3.609800   4.53142063 
   3.619500   4.49716799 
   3.629300   4.46384767 
   3.639000   4.43216381 
   3.648800   4.40166050 
   3.658500   4.37324991 
   3.668300   4.34664823 
   3.678000   4.32262377 
   3.687800   4.30077587 
   3.697600   4.28129691 
   3.707300   4.26413068 
   3.717100   4.24858731 
   3.726800   4.23459712 
   3.736600   4.22148452 
   3.746300   4.20918819 
   3.756100   4.19719934 
   3.765900   4.18546523 
   3.775600   4.17396826 
   3.785400   4.16234098 
   3.795100   4.15065633 
   3.804900   4.13844490 
   3.814600   4.12566727 
   3.824400   4.11172630 
   3.834100   4.09657834 
   3.843900   4.07962892 
   3.853700   4.06083682 
   3.863400   4.04035402 
   3.873200   4.01781058 
   3.882900   3.99381544 
   3.892700   3.96808493 
   3.902400   3.94136905 
   3.912200   3.91332547 
   3.922000   3.88439403 
   3.931700   3.85501191 
   3.941500   3.82468253 
   3.951200   3.79414252 
   3.961000   3.76292386 
   3.970700   3.73188942 
   3.980500   3.70070538 
   3.990200   3.67037877 
   4.000000   3.64070592 
   4.009800   3.61243933 
   4.019500   3.58624686 
   4.029300   3.56193011 
   4.039000   3.54023349 
   4.048800   3.52085607 
   4.058500   3.50423090 
   4.068300   3.48995177 
   4.078000   3.47816083 
   4.087800   3.46839241 
   4.097600   3.46050090 
   4.107300   3.45422590 
   4.117100   3.44909675 
   4.126800   3.44486681 
   4.136600   3.44108759 
   4.146300   3.43748456 
   4.156100   3.43364291 
   4.165900   3.42928583 
   4.175600   3.42420106 
   4.185400   3.41807581 
   4.195100   3.41090152 
   4.204900   3.40247581 
   4.214600   3.39299710 
   4.224400   3.38236787 
   4.234100   3.37095053 
   4.243900   3.35867479 
   4.253700   3.34579940 
   4.263400   3.33254729 
   4.273200   3.31863322 
   4.282900   3.30421406 
   4.292700   3.28874291 
   4.302400   3.27218670 
   4.312200   3.25378370 
   4.322000   3.23326048 
   4.331700   3.21048024 
   4.341500   3.18470695 
   4.351200   3.15637447 
   4.361000   3.12501893 
   4.370700   3.09162778 
   4.380500   3.05608955 
   4.390200   3.01988797 
   4.400000   2.98318248 
   4.409800   2.94732259 
   4.419500   2.91361013 
   4.429300   2.88221575 
   4.439000   2.85447269 
   4.448800   2.83029089 
   4.458500   2.81038600 
   4.468300   2.79430117 
   4.478000   2.78205859 
   4.487800   2.77286034 
   4.497600   2.76611064 
   4.507300   2.76098723 
   4.517100   2.75646287 
   4.526800   2.75173426 
   4.536600   2.74587956 
   4.546300   2.73834859 
   4.556100   2.72850119 
   4.565900   2.71614267 
   4.575600   2.70141321 
   4.585400   2.68420881 
   4.595100   2.66526667 
   4.604900   2.64473050 
   4.614600   2.62362781 
   4.624400   2.60215768 
   4.634100   2.58133939 
   4.643900   2.56123477 
   4.653700   2.54241975 
   4.663400   2.52526407 
   4.673200   2.50945801 
   4.682900   2.49523272 
   4.692700   2.48209840 
   4.702400   2.47006822 
   4.712200   2.45861922 
   4.722000   2.44762903 
   4.731700   2.43701689 
   4.741500   2.42646045 
   4.751200   2.41616520 
   4.761000   2.40599757 
   4.770700   2.39631319 
   4.780500   2.38710691 
   4.790200   2.37876974 
   4.800000   2.37131237 
   4.809800   2.36495355 
   4.819500   2.35978739 
   4.829300   2.35565677 
   4.839000   2.35249561 
   4.848800   2.34999067 
   4.858500   2.34787048 
   4.868300   2.34571006 
   4.878000   2.34315367 
   4.887800   2.33975122 
   4.897600   2.33516435 
   4.907300   2.32916704 
   4.917100   2.32142592 
   4.926800   2.31198550 
   4.936600   2.30063239 
   4.946300   2.28766784 
   4.956100   2.27296982 
   4.965900   2.25686527 
   4.975600   2.23977065 
   4.985400   2.22157683 
   4.995100   2.20288587 
   5.004900   2.18352228 
   5.014600   2.16405622 
   5.024400   2.14422954 
   5.034100   2.12455866 
   5.043900   2.10473025 
   5.053700   2.08503003 
   5.063400   2.06573935 
   5.073200   2.04655288 
   5.082900   2.02796647 
   5.092700   2.00971494 
   5.102400   1.99229358 
   5.112200   1.97546458 
   5.122000   1.95951897 
   5.131700   1.94468665 
   5.141500   1.93070950 
   5.151200   1.91788245 
   5.161000   1.90591404 
   5.170700   1.89499157 
   5.180500   1.88481169 
   5.190200   1.87549778 
   5.200000   1.86677853 
   5.209800   1.85869273 
   5.219500   1.85128112 
   5.229300   1.84439152 
   5.239000   1.83819751 
   5.248800   1.83263238 
   5.258500   1.82788748 
   5.268300   1.82394879 
   5.278000   1.82096997 
   5.287800   1.81894001 
   5.297600   1.81790892 
   5.307300   1.81784169 
   5.317100   1.81865759 
   5.326800   1.82021531 
   5.336600   1.82238048 
   5.346300   1.82491631 
   5.356100   1.82766540 
   5.365900   1.83039278 
   5.375600   1.83287938 
   5.385400   1.83500928 
   5.395100   1.83660639 
   5.404900   1.83760302 
   5.414600   1.83790891 
   5.424400   1.83748111 
   5.434100   1.83629091 
   5.443900   1.83427689 
   5.453700   1.83140307 
   5.463400   1.82765758 
   5.473200   1.82289811 
   5.482900   1.81715308 
   5.492700   1.81023910 
   5.502400   1.80224891 
   5.512200   1.79299557 
   5.522000   1.78256882 
   5.531700   1.77114577 
   5.541500   1.75858415 
   5.551200   1.74526669 
   5.561000   1.73107296 
   5.570700   1.71645937 
   5.580500   1.70129687 
   5.590200   1.68605768 
   5.600000   1.67057741 
   5.609800   1.65514328 
   5.619500   1.64001960 
   5.629300   1.62498337 
   5.639000   1.61041283 
   5.648800   1.59606738 
   5.658500   1.58228981 
   5.668300   1.56883970 
   5.678000   1.55602775 
   5.687800   1.54361787 
   5.697600   1.53176115 
   5.707300   1.52057066 
   5.717100   1.50979686 
   5.726800   1.49961975 
   5.736600   1.48976710 
   5.746300   1.48035899 
   5.756100   1.47110440 
   5.765900   1.46199628 
   5.775600   1.45302289 
   5.785400   1.44390676 
   5.795100   1.43476317 
   5.804900   1.42536088 
   5.814600   1.41588438 
   5.824400   1.40616904 
   5.834100   1.39648077 
   5.843900   1.38672179 
   5.853700   1.37712017 
   5.863400   1.36791117 
   5.873200   1.35904559 
   5.882900   1.35082703 
   5.892700   1.34317786 
   5.902400   1.33629782 
   5.912200   1.33002946 
   5.922000   1.32436310 
   5.931700   1.31919496 
   5.941500   1.31419803 
   5.951200   1.30920208 
   5.961000   1.30378966 
   5.970700   1.29774489 
   5.980500   1.29062126 
   5.990200   1.28228118 
   6.000000   1.27232515 
   6.009800   1.26068249 
   6.019500   1.24744294 
   6.029300   1.23237666 
   6.039000   1.21592779 
   6.048800   1.19798032 
   6.058500   1.17918704 
   6.068300   1.15949644 
   6.078000   1.13966327 
   6.087800   1.11963487 
   6.097600   1.09995171 
   6.107300   1.08110259 
   6.117100   1.06294645 
   6.126800   1.04604521 
   6.136600   1.03019112 
   6.146300   1.01579805 
   6.156100   1.00261857 
   6.165900   0.99082313 
   6.175600   0.98049970 
   6.185400   0.97140416 
   6.195100   0.96367631 
   6.204900   0.95709756 
   6.214600   0.95173163 
   6.224400   0.94738305 
   6.234100   0.94404196 
   6.243900   0.94152272 
   6.253700   0.93972899 
   6.263400   0.93851811 
   6.273200   0.93769947 
   6.282900   0.93711731 
   6.292700   0.93658278 
   6.302400   0.93593912 
   6.312200   0.93502000 
   6.322000   0.93370418 
   6.331700   0.93192289 
   6.341500   0.92959485 
   6.351200   0.92677260 
   6.361000   0.92345455 
   6.370700   0.91981323 
   6.380500   0.91592369 
   6.390200   0.91204750 
   6.400000   0.90831160 
   6.409800   0.90497241 
   6.419500   0.90226198 
   6.429300   0.90030630 
   6.439000   0.89928618 
   6.448800   0.89927184 
   6.458500   0.90029328 
   6.468300   0.90233504 
   6.478000   0.90525259 
   6.487800   0.90893760 
   6.497600   0.91313803 
   6.507300   0.91753769 
   6.517100   0.92193138 
   6.526800   0.92592830 
   6.536600   0.92931579 
   6.546300   0.93176253 
   6.556100   0.93309977 
   6.565900   0.93313725 
   6.575600   0.93180699 
   6.585400   0.92906771 
   6.595100   0.92503336 
   6.604900   0.91974526 
   6.614600   0.91348736 
   6.624400   0.90634766 
   6.634100   0.89870694 
   6.643900   0.89064961 
   6.653700   0.88248312 
   6.663400   0.87449326 
   6.673200   0.86668180 
   6.682900   0.85933107 
   6.692700   0.85237067 
   6.702400   0.84598225 
   6.712200   0.84003845 
   6.722000   0.83458336 
   6.731700   0.82962084 
   6.741500   0.82499102 
   6.751200   0.82072583 
   6.761000   0.81667340 
   6.770700   0.81285665 
   6.780500   0.80914194 
   6.790200   0.80555785 
   6.800000   0.80199066 
   6.809800   0.79844706 
   6.819500   0.79494416 
   6.829300   0.79140587 
   6.839000   0.78792007 
   6.848800   0.78445657 
   6.858500   0.78115924 
   6.868300   0.77807331 
   6.878000   0.77541719 
   6.887800   0.77334092 
   6.897600   0.77212766 
   6.907300   0.77206592 
   6.917100   0.77347683 
   6.926800   0.77666292 
   6.936600   0.78201746 
   6.946300   0.78972046 
   6.956100   0.80016122 
   6.965900   0.81341324 
   6.975600   0.82931867 
   6.985400   0.84808621 
   6.995100   0.86906449 
   7.004900   0.89225775 
   7.014600   0.91662389 
   7.024400   0.94196029 
   7.034100   0.96695824 
   7.043900   0.99127342 
   7.053700   1.01376856 
   7.063400   1.03341908 
   7.073200   1.04988620 
   7.082900   1.06222818 
   7.092700   1.07024919 
   7.102400   1.07352453 
   7.112200   1.07205158 
   7.122000   1.06589237 
   7.131700   1.05546963 
   7.141500   1.04100351 
   7.151200   1.02332427 
   7.161000   1.00267706 
   7.170700   0.98011105 
   7.180500   0.95578635 
   7.190200   0.93077354 
   7.200000   0.90507066 
   7.209800   0.87936414 
   7.219500   0.85424837 
   7.229300   0.82944703 
   7.239000   0.80561802 
   7.248800   0.78234701 
   7.258500   0.76012287 
   7.268300   0.73845415 
   7.278000   0.71771909 
   7.287800   0.69740846 
   7.297600   0.67765349 
   7.307300   0.65857037 
   7.317100   0.63970466 
   7.326800   0.62140480 
   7.336600   0.60328533 
   7.346300   0.58573995 
   7.356100   0.56846520 
   7.365900   0.55173724 
   7.375600   0.53584210 
   7.385400   0.52060605 
   7.395100   0.50651526 
   7.404900   0.49347308 
   7.414600   0.48194379 
   7.424400   0.47188630 
   7.434100   0.46368330 
   7.443900   0.45731521 
   7.453700   0.45298250 
   7.463400   0.45074652 
   7.473200   0.45054175 
   7.482900   0.45227815 
   7.492700   0.45581561 
   7.502400   0.46082944 
   7.512200   0.46709254 
   7.522000   0.47416302 
   7.531700   0.48151874 
   7.541500   0.48884114 
   7.551200   0.49551190 
   7.561000   0.50121229 
   7.570700   0.50541807 
   7.580500   0.50786669 
   7.590200   0.50824441 
   7.600000   0.50638582 
   7.609800   0.50220273 
   7.619500   0.49580082 
   7.629300   0.48717001 
   7.639000   0.47668751 
   7.648800   0.46440680 
   7.658500   0.45089074 
   7.668300   0.43620409 
   7.678000   0.42099271 
   7.687800   0.40528363 
   7.697600   0.38954925 
   7.707300   0.37422733 
   7.717100   0.35923826 
   7.726800   0.34507486 
   7.736600   0.33158755 
   7.746300   0.31914792 
   7.756100   0.30755653 
   7.765900   0.29696828 
   7.775600   0.28746765 
   7.785400   0.27882585 
   7.795100   0.27116758 
   7.804900   0.26426729 
   7.814600   0.25818771 
   7.824400   0.25271600 
   7.834100   0.24787209 
   7.843900   0.24346045 
   7.853700   0.23943737 
   7.863400   0.23574621 
   7.873200   0.23222400 
   7.882900   0.22886552 
   7.892700   0.22553475 
   7.902400   0.22224724 
   7.912200   0.21889737 
   7.922000   0.21549719 
   7.931700   0.21207685 
   7.941500   0.20857577 
   7.951200   0.20508859 
   7.961000   0.20157795 
   7.970700   0.19815750 
   7.980500   0.19480402 
   7.990200   0.19163399 
   8.000000   0.18862899 
   8.009800   0.18586540 
   8.019500   0.18340321 
   8.029300   0.18121933 
   8.039000   0.17937673 
   8.048800   0.17784688 
   8.058500   0.17666153 
   8.068300   0.17578855 
   8.078000   0.17523101 
   8.087800   0.17495634 
   8.097600   0.17494545 
   8.107300   0.17516454 
   8.117100   0.17558481 
   8.126800   0.17616251 
   8.136600   0.17687225 
   8.146300   0.17766176 
   8.156100   0.17850866 
   8.165900   0.17936657 
   8.175600   0.18018986 
   8.185400   0.18096055 
   8.195100   0.18163156 
   8.204900   0.18218921 
   8.214600   0.18260018 
   8.224400   0.18285686 
   8.234100   0.18294481 
   8.243900   0.18286360 
   8.253700   0.18261613 
   8.263400   0.18221833 
   8.273200   0.18167827 
   8.282900   0.18102692 
   8.292700   0.18027338 
   8.302400   0.17945582 
   8.312200   0.17857940 
   8.322000   0.17767184 
   8.331700   0.17675844 
   8.341500   0.17583166 
   8.351200   0.17491695 
   8.361000   0.17399763 
   8.370700   0.17309086 
   8.380500   0.17217347 
   8.390200   0.17125811 
   8.400000   0.17031920 
   8.409800   0.16936002 
   8.419500   0.16838615 
   8.429300   0.16737518 
   8.439000   0.16634793 
   8.448800   0.16528604 
   8.458500   0.16421635 
   8.468300   0.16312409 
   8.478000   0.16204036 
   8.487800   0.16095290 
   8.497600   0.15988382 
   8.507300   0.15885506 
   8.517100   0.15785725 
   8.526800   0.15692288 
   8.536600   0.15604555 
   8.546300   0.15525651 
   8.556100   0.15455370 
   8.565900   0.15396054 
   8.575600   0.15349616 
   8.585400   0.15316533 
   8.595100   0.15298750 
   8.604900   0.15296918 
   8.614600   0.15311675 
   8.624400   0.15343383 
   8.634100   0.15390775 
   8.643900   0.15453399 
   8.653700   0.15528531 
   8.663400   0.15612048 
   8.673200   0.15701618 
   8.682900   0.15790661 
   8.692700   0.15875595 
   8.702400   0.15948957 
   8.712200   0.16006314 
   8.722000   0.16040979 
   8.731700   0.16047604 
   8.741500   0.16021607 
   8.751200   0.15959768 
   8.761000   0.15858104 
   8.770700   0.15717227 
   8.780500   0.15534034 
   8.790200   0.15313337 
   8.800000   0.15052892 
   8.809800   0.14758210 
   8.819500   0.14437131 
   8.829300   0.14088147 
   8.839000   0.13723963 
   8.848800   0.13343072 
   8.858500   0.12959302 
   8.868300   0.12570830 
   8.878000   0.12191377 
   8.887800   0.11818629 
   8.897600   0.11461610 
   8.907300   0.11128133 
   8.917100   0.10815128 
   8.926800   0.10532047 
   8.936600   0.10275423 
   8.946300   0.10052090 
   8.956100   0.09858307 
   8.965900   0.09696660 
   8.975600   0.09567724 
   8.985400   0.09467581 
   8.995100   0.09396432 
   9.004900   0.09350415 
   9.014600   0.09327668 
   9.024400   0.09324544 
   9.034100   0.09337738 
   9.043900   0.09363986 
   9.053700   0.09399645 
   9.063400   0.09440771 
   9.073200   0.09484911 
   9.082900   0.09528141 
   9.092700   0.09568574 
   9.102400   0.09602959 
   9.112200   0.09629868 
   9.122000   0.09647081 
   9.131700   0.09653070 
   9.141500   0.09646714 
   9.151200   0.09627159 
   9.161000   0.09593226 
   9.170700   0.09545046 
   9.180500   0.09481261 
   9.190200   0.09403021 
   9.200000   0.09308791 
   9.209800   0.09199633 
   9.219500   0.09077499 
   9.229300   0.08940798 
   9.239000   0.08793558 
   9.248800   0.08634329 
   9.258500   0.08468236 
   9.268300   0.08294043 
   9.278000   0.08117695 
   9.287800   0.07938140 
   9.297600   0.07759873 
   9.307300   0.07587325 
   9.317100   0.07419493 
   9.326800   0.07262132 
   9.336600   0.07114085 
   9.346300   0.06980088 
   9.356100   0.06858724 
   9.365900   0.06752361 
   9.375600   0.06662315 
   9.385400   0.06586746 
   9.395100   0.06526791 
   9.404900   0.06480406 
   9.414600   0.06447387 
   9.424400   0.06425583 
   9.434100   0.06413737 
   9.443900   0.06409683 
   9.453700   0.06411515 
   9.463400   0.06417010 
   9.473200   0.06424122 
   9.482900   0.06430615 
   9.492700   0.06434588 
   9.502400   0.06434093 
   9.512200   0.06427404 
   9.522000   0.06412995 
   9.531700   0.06389902 
   9.541500   0.06356682 
   9.551200   0.06313344 
   9.561000   0.06258611 
   9.570700   0.06193513 
   9.580500   0.06116903 
   9.590200   0.06030803 
   9.600000   0.05934147 
   9.609800   0.05828710 
   9.619500   0.05716815 
   9.629300   0.05597437 
   9.639000   0.05474403 
   9.648800   0.05346674 
   9.658500   0.05218390 
   9.668300   0.05088474 
   9.678000   0.04961101 
   9.687800   0.04835127 
   9.697600   0.04713263 
   9.707300   0.04597913 
   9.717100   0.04487752 
   9.726800   0.04385853 
   9.736600   0.04290709 
   9.746300   0.04204577 
   9.756100   0.04125717 
   9.765900   0.04054801 
   9.775600   0.03991890 
   9.785400   0.03934862 
   9.795100   0.03883821 
   9.804900   0.03836419 
   9.814600   0.03792171 
   9.824400   0.03748563 
   9.834100   0.03704832 
   9.843900   0.03658380 
   9.853700   0.03607981 
   9.863400   0.03552665 
   9.873200   0.03489880 
   9.882900   0.03419713 
   9.892700   0.03339745 
   9.902400   0.03250924 
   9.912200   0.03151023 
   9.922000   0.03040832 
   9.931700   0.02921874 
   9.941500   0.02792258 
   9.951200   0.02655476 
   9.961000   0.02509836 
   9.970700   0.02359649 
   9.980500   0.02203360 
   9.990200   0.02045811 
  10.000000   0.01885503 
 