  0.000000   0.00000000 
   0.004885 8740.21178288 
   0.009770 830.43122937 
   0.014656 183.93835172 
   0.019541 204.05044446 
   0.024426 219.55268515 
   0.029311 242.95550898 
   0.034196 286.89365447 
   0.039082 356.58617747 
   0.043967 450.34335466 
   0.048852 555.64501890 
   0.053737 650.68994336 
   0.058622 713.31159978 
   0.063508 735.05583637 
   0.068393 728.43685894 
   0.073278 711.90638192 
   0.078163 694.57063793 
   0.083048 677.48184172 
   0.087934 658.57892584 
   0.092819 634.69384902 
   0.097704 604.42099636 
   0.102590 570.42874509 
   0.107470 537.56563340 
   0.112360 508.80888649 
   0.117240 484.38934241 
   0.122130 462.82685702 
   0.127020 442.88003766 
   0.131900 423.79973686 
   0.136790 404.97915924 
   0.141670 386.09299288 
   0.146560 366.98349258 
   0.151440 348.17421157 
   0.156330 330.41834821 
   0.161210 314.54029750 
   0.166100 300.73449020 
   0.170980 288.76490488 
   0.175870 278.03323430 
   0.180750 268.15180782 
   0.185640 258.92765093 
   0.190520 250.41833647 
   0.195410 242.56458604 
   0.200290 235.21596023 
   0.205180 228.06997821 
   0.210060 220.96218097 
   0.214950 213.86164371 
   0.219830 206.96355244 
   0.224720 200.44652505 
   0.229600 194.45346809 
   0.234490 188.93109429 
   0.239370 183.75816947 
   0.244260 178.72790575 
   0.249150 173.69594898 
   0.254030 168.59152070 
   0.258920 163.39427065 
   0.263800 158.18701880 
   0.268690 153.03466512 
   0.273570 148.03127632 
   0.278460 143.19176394 
   0.283340 138.52968382 
   0.288230 133.99394318 
   0.293110 129.57154763 
   0.298000 125.23558650 
   0.302880 121.02592587 
   0.307770 116.97002336 
   0.312650 113.13317572 
   0.317540 109.53498027 
   0.322420 106.20306136 
   0.327310 103.11579917 
   0.332190 100.26477998 
   0.337080  97.61255748 
   0.341960  95.14523225 
   0.346850  92.83117727 
   0.351730  90.66230513 
   0.356620  88.61654950 
   0.361500  86.69461911 
   0.366390  84.88780025 
   0.371280  83.20698633 
   0.376160  81.66917125 
   0.381050  80.28682401 
   0.385930  79.08491904 
   0.390820  78.07305069 
   0.395700  77.25950086 
   0.400590  76.63077935 
   0.405470  76.16431538 
   0.410360  75.82139941 
   0.415240  75.56260612 
   0.420130  75.35143435 
   0.425010  75.16764399 
   0.429900  75.00815238 
   0.434780  74.88799461 
   0.439670  74.82885078 
   0.444550  74.84728904 
   0.449440  74.94046791 
   0.454320  75.07800243 
   0.459210  75.20523689 
   0.464090  75.25428652 
   0.468980  75.16512933 
   0.473860  74.90380196 
   0.478750  74.46889587 
   0.483630  73.88837058 
   0.488520  73.19088709 
   0.493400  72.38800487 
   0.498290  71.44342392 
   0.503180  70.28288971 
   0.508060  68.81200185 
   0.512950  66.94073881 
   0.517830  64.64324510 
   0.522720  61.95022270 
   0.527600  58.98705502 
   0.532490  55.90923481 
   0.537370  52.91372683 
   0.542260  50.15296393 
   0.547140  47.75458592 
   0.552030  45.76516932 
   0.556910  44.19239778 
   0.561800  42.98680890 
   0.566680  42.08655875 
   0.571570  41.41427004 
   0.576450  40.90482477 
   0.581340  40.50034090 
   0.586220  40.16082169 
   0.591110  39.85574626 
   0.595990  39.56704111 
   0.600880  39.28078230 
   0.605760  38.98943140 
   0.610650  38.68526431 
   0.615530  38.36428393 
   0.620420  38.02101958 
   0.625310  37.65339091 
   0.630190  37.26149885 
   0.635080  36.84542564 
   0.639960  36.41102353 
   0.644850  35.96272283 
   0.649730  35.50973995 
   0.654620  35.05771901 
   0.659500  34.61502178 
   0.664390  34.18460177 
   0.669270  33.77085576 
   0.674160  33.37270832 
   0.679040  32.99086386 
   0.683930  32.62197334 
   0.688810  32.26562368 
   0.693700  31.91886399 
   0.698580  31.58240062 
   0.703470  31.25498362 
   0.708350  30.93874557 
   0.713240  30.63351426 
   0.718120  30.34159352 
   0.723010  30.06243678 
   0.727890  29.79721661 
   0.732780  29.54421916 
   0.737660  29.30332068 
   0.742550  29.07207128 
   0.747440  28.84948164 
   0.752320  28.63470221 
   0.757210  28.42594800 
   0.762090  28.22362810 
   0.766980  28.02695189 
   0.771860  27.83725278 
   0.776750  27.65479354 
   0.781630  27.48189483 
   0.786520  27.31997125 
   0.791400  27.17227281 
   0.796290  27.04105352 
   0.801170  26.92959749 
   0.806060  26.83958698 
   0.810940  26.77232761 
   0.815830  26.72673740 
   0.820710  26.70006608 
   0.825600  26.68698252 
   0.830480  26.68022909 
   0.835370  26.67080721 
   0.840250  26.64888363 
   0.845140  26.60440081 
   0.850020  26.52842435 
   0.854910  26.41315787 
   0.859790  26.25394056 
   0.864680  26.04779275 
   0.869570  25.79573354 
   0.874450  25.50221498 
   0.879340  25.17265447 
   0.884220  24.81733207 
   0.889110  24.44540986 
   0.893990  24.06984620 
   0.898880  23.70055068 
   0.903760  23.34960046 
   0.908650  23.02459672 
   0.913530  22.73383926 
   0.918420  22.48083818 
   0.923300  22.26905891 
   0.928190  22.09805511 
   0.933070  21.96733876 
   0.937960  21.87404010 
   0.942840  21.81551438 
   0.947730  21.78812769 
   0.952610  21.78843996 
   0.957500  21.81275251 
   0.962380  21.85702888 
   0.967270  21.91705808 
   0.972150  21.98755854 
   0.977040  22.06296017 
   0.981920  22.13628155 
   0.986810  22.20045203 
   0.991700  22.24759506 
   0.996580  22.27014621 
   1.001500  22.26129627 
   1.006400  22.21562063 
   1.011200  22.13203178 
   1.016100  22.00621448 
   1.021000  21.84124672 
   1.025900  21.64139023 
   1.030800  21.41301702 
   1.035700  21.16397752 
   1.040500  20.90821703 
   1.045400  20.64337928 
   1.050300  20.38230139 
   1.055200  20.13116463 
   1.060100  19.89437402 
   1.065000  19.67445496 
   1.069900  19.47218387 
   1.074700  19.29052647 
   1.079600  19.12029801 
   1.084500  18.96329572 
   1.089400  18.81730384 
   1.094300  18.68043823 
   1.099200  18.55143207 
   1.104100  18.42980396 
   1.108900  18.31815287 
   1.113800  18.21295404 
   1.118700  18.11843127 
   1.123600  18.03690101 
   1.128500  17.97096309 
   1.133400  17.92325745 
   1.138300  17.89620363 
   1.143100  17.89158718 
   1.148000  17.91037510 
   1.152900  17.95307850 
   1.157800  18.01864949 
   1.162700  18.10465696 
   1.167600  18.20722267 
   1.172400  18.31868125 
   1.177300  18.43732849 
   1.182200  18.55362271 
   1.187100  18.65984159 
   1.192000  18.74841274 
   1.196900  18.81251126 
   1.201800  18.84663274 
   1.206600  18.84741515 
   1.211500  18.81331774 
   1.216400  18.74460344 
   1.221300  18.64407664 
   1.226200  18.51642716 
   1.231100  18.36777503 
   1.236000  18.20510524 
   1.240800  18.03914076 
   1.245700  17.86978227 
   1.250600  17.70658389 
   1.255500  17.55453419 
   1.260400  17.41726365 
   1.265300  17.29699296 
   1.270200  17.19461476 
   1.275000  17.11143550 
   1.279900  17.04286180 
   1.284800  16.98902538 
   1.289700  16.94776359 
   1.294600  16.91675099 
   1.299500  16.89367138 
   1.304300  16.87664670 
   1.309200  16.86301007 
   1.314100  16.85140545 
   1.319000  16.84030825 
   1.323900  16.82842486 
   1.328800  16.81468143 
   1.333700  16.79821435 
   1.338500  16.77880658 
   1.343400  16.75519669 
   1.348300  16.72748672 
   1.353200  16.69559887 
   1.358100  16.65962806 
   1.363000  16.61981863 
   1.367900  16.57653443 
   1.372700  16.53119741 
   1.377600  16.48241278 
   1.382500  16.43162364 
   1.387400  16.37936305 
   1.392300  16.32615825 
   1.397200  16.27252859 
   1.402100  16.21898992 
   1.406900  16.16713234 
   1.411800  16.11531489 
   1.416700  16.06516410 
   1.421600  16.01722001 
   1.426500  15.97200728 
   1.431400  15.93000947 
   1.436200  15.89238189 
   1.441100  15.85785664 
   1.446000  15.82742414 
   1.450900  15.80108993 
   1.455800  15.77868276 
   1.460700  15.75985415 
   1.465600  15.74409252 
   1.470400  15.73100439 
   1.475300  15.71931661 
   1.480200  15.70853741 
   1.485100  15.69788481 
   1.490000  15.68663271 
   1.494900  15.67415625 
   1.499800  15.65996701 
   1.504600  15.64408834 
   1.509500  15.62569621 
   1.514400  15.60509181 
   1.519300  15.58240551 
   1.524200  15.55787464 
   1.529100  15.53180571 
   1.534000  15.50453456 
   1.538800  15.47697089 
   1.543700  15.44825410 
   1.548600  15.41919034 
   1.553500  15.38996207 
   1.558400  15.36070577 
   1.563300  15.33153804 
   1.568100  15.30318207 
   1.573000  15.27465658 
   1.577900  15.24688180 
   1.582800  15.22036729 
   1.587700  15.19586292 
   1.592600  15.17441063 
   1.597500  15.15738575 
   1.602300  15.14667017 
   1.607200  15.14387928 
   1.612100  15.15174666 
   1.617000  15.17301202 
   1.621900  15.21062890 
   1.626800  15.26764106 
   1.631700  15.34701832 
   1.636500  15.44905690 
   1.641400  15.58016173 
   1.646300  15.73990911 
   1.651200  15.92872399 
   1.656100  16.14578284 
   1.661000  16.38882431 
   1.665900  16.65403216 
   1.670700  16.93013533 
   1.675600  17.22189558 
   1.680500  17.51560046 
   1.685400  17.80221008 
   1.690300  18.07220230 
   1.695200  18.31609797 
   1.700000  18.52116485 
   1.704900  18.68835715 
   1.709800  18.80694170 
   1.714700  18.87290079 
   1.719600  18.88453683 
   1.724500  18.84256862 
   1.729400  18.75005404 
   1.734200  18.61537288 
   1.739100  18.43965150 
   1.744000  18.23332919 
   1.748900  18.00517979 
   1.753800  17.76412330 
   1.758700  17.51871199 
   1.763600  17.27669247 
   1.768400  17.04926944 
   1.773300  16.83214338 
   1.778200  16.63400422 
   1.783100  16.45724763 
   1.788000  16.30294319 
   1.792900  16.17101313 
   1.797800  16.06045493 
   1.802600  15.97125386 
   1.807500  15.89760008 
   1.812400  15.83918728 
   1.817300  15.79360635 
   1.822200  15.75854276 
   1.827100  15.73187985 
   1.831900  15.71211897 
   1.836800  15.69689745 
   1.841700  15.68541279 
   1.846600  15.67666311 
   1.851500  15.66988447 
   1.856400  15.66450508 
   1.861300  15.66009384 
   1.866100  15.65637970 
   1.871000  15.65290285 
   1.875900  15.64941964 
   1.880800  15.64554160 
   1.885700  15.64077791 
   1.890600  15.63450288 
   1.895500  15.62593276 
   1.900300  15.61439430 
   1.905200  15.59830293 
   1.910100  15.57658362 
   1.915000  15.54782574 
   1.919900  15.51052564 
   1.924800  15.46313681 
   1.929700  15.40412885 
   1.934500  15.33366288 
   1.939400  15.24752158 
   1.944300  15.14594187 
   1.949200  15.02810139 
   1.954100  14.89349786 
   1.959000  14.74198517 
   1.963800  14.57738976 
   1.968700  14.39345034 
   1.973600  14.19439765 
   1.978500  13.98153974 
   1.983400  13.75647818 
   1.988300  13.52105230 
   1.993200  13.27727520 
   1.998000  13.03241588 
   2.002900  12.77839121 
   2.007800  12.52237520 
   2.012700  12.26641341 
   2.017600  12.01242073 
   2.022500  11.76214773 
   2.027400  11.51716191 
   2.032200  11.28363412 
   2.037100  11.05302643 
   2.042000  10.83135087 
   2.046900  10.61958992 
   2.051800  10.41869787 
   2.056700  10.22967974 
   2.061600  10.05368401 
   2.066400   9.89525012 
   2.071300   9.74950284 
   2.076200   9.62213008 
   2.081100   9.51597501 
   2.086000   9.43461127 
   2.090900   9.38245475 
   2.095700   9.36482859 
   2.100600   9.38722264 
   2.105500   9.45770135 
   2.110400   9.58454519 
   2.115300   9.77686169 
   2.120200  10.04436439 
   2.125100  10.39704713 
   2.129900  10.83459849 
   2.134800  11.38424044 
   2.139700  12.04567853 
   2.144600  12.82467935 
   2.149500  13.72419449 
   2.154400  14.74360361 
   2.159300  15.87801806 
   2.164100  17.09144508 
   2.169000  18.41979355 
   2.173900  19.81860374 
   2.178800  21.26244846 
   2.183700  22.72117037 
   2.188600  24.16070496 
   2.193500  25.54422796 
   2.198300  26.80846287 
   2.203200  27.96886000 
   2.208100  28.96213754 
   2.213000  29.75620906 
   2.217900  30.32439720 
   2.222800  30.64683961 
   2.227700  30.71155885 
   2.232500  30.52171465 
   2.237400  30.07450516 
   2.242300  29.38476899 
   2.247200  28.47374448 
   2.252100  27.36921361 
   2.257000  26.10403678 
   2.261800  24.74383132 
   2.266700  23.26918050 
   2.271600  21.74510223 
   2.276500  20.20776037 
   2.281400  18.69027945 
   2.286300  17.22166172 
   2.291200  15.82603538 
   2.296000  14.54783662 
   2.300900  13.34710699 
   2.305800  12.25987761 
   2.310700  11.28982350 
   2.315600  10.43649191 
   2.320500   9.69602077 
   2.325400   9.06190439 
   2.330200   8.53577624 
   2.335100   8.08631401 
   2.340000   7.71532861 
   2.344900   7.41265327 
   2.349800   7.16848310 
   2.354700   6.97367205 
   2.359600   6.81992662 
   2.364400   6.70206517 
   2.369300   6.60892330 
   2.374200   6.53786733 
   2.379100   6.48438082 
   2.384000   6.44475042 
   2.388900   6.41596172 
   2.393700   6.39593716 
   2.398600   6.38193745 
   2.403500   6.37291350 
   2.408400   6.36763567 
   2.413300   6.36512106 
   2.418200   6.36457754 
   2.423100   6.36535989 
   2.427900   6.36689930 
   2.432800   6.36882368 
   2.437700   6.37073433 
   2.442600   6.37231719 
   2.447500   6.37330884 
   2.452400   6.37349094 
   2.457300   6.37268643 
   2.462100   6.37080828 
   2.467000   6.36767782 
   2.471900   6.36325478 
   2.476800   6.35750482 
   2.481700   6.35042500 
   2.486600   6.34204161 
   2.491500   6.33240775 
   2.496300   6.32183205 
   2.501200   6.30996953 
   2.506100   6.29714266 
   2.511000   6.28347776 
   2.515900   6.26910903 
   2.520800   6.25417374 
   2.525600   6.23912465 
   2.530500   6.22346239 
   2.535400   6.20761693 
   2.540300   6.19169642 
   2.545200   6.17579517 
   2.550100   6.15999353 
   2.555000   6.14435915 
   2.559800   6.12926156 
   2.564700   6.11412241 
   2.569600   6.09930892 
   2.574500   6.08487517 
   2.579400   6.07088439 
   2.584300   6.05741382 
   2.589200   6.04455858 
   2.594000   6.03267353 
   2.598900   6.02139799 
   2.603800   6.01114469 
   2.608700   6.00208901 
   2.613600   5.99442013 
   2.618500   5.98833524 
   2.623400   5.98403253 
   2.628200   5.98172980 
   2.633100   5.98150396 
   2.638000   5.98357542 
   2.642900   5.98806263 
   2.647800   5.99504194 
   2.652700   6.00453917 
   2.657500   6.01625293 
   2.662400   6.03057575 
   2.667300   6.04712103 
   2.672200   6.06564542 
   2.677100   6.08582734 
   2.682000   6.10726677 
   2.686900   6.12948790 
   2.691700   6.15148829 
   2.696600   6.17358952 
   2.701500   6.19468182 
   2.706400   6.21408324 
   2.711300   6.23110227 
   2.716200   6.24506107 
   2.721100   6.25532043 
   2.725900   6.26122918 
   2.730800   6.26255419 
   2.735700   6.25874865 
   2.740600   6.24956274 
   2.745500   6.23488810 
   2.750400   6.21476465 
   2.755300   6.18938042 
   2.760100   6.15972964 
   2.765000   6.12502413 
   2.769900   6.08639408 
   2.774800   6.04448432 
   2.779700   5.99999544 
   2.784600   5.95365468 
   2.789400   5.90716253 
   2.794300   5.85926686 
   2.799200   5.81157278 
   2.804100   5.76465582 
   2.809000   5.71900823 
   2.813900   5.67503153 
   2.818800   5.63303492 
   2.823600   5.59402785 
   2.828500   5.55652292 
   2.833400   5.52142711 
   2.838300   5.48875560 
   2.843200   5.45848205 
   2.848100   5.43055319 
   2.853000   5.40490233 
   2.857800   5.38191764 
   2.862700   5.36058105 
   2.867600   5.34134555 
   2.872500   5.32417963 
   2.877400   5.30906877 
   2.882300   5.29601321 
   2.887200   5.28502341 
   2.892000   5.27627471 
   2.896900   5.26941344 
   2.901800   5.26464289 
   2.906700   5.26194359 
   2.911600   5.26126949 
   2.916500   5.26254172 
   2.921300   5.26556331 
   2.926200   5.27030674 
   2.931100   5.27653087 
   2.936000   5.28400024 
   2.940900   5.29244434 
   2.945800   5.30156377 
   2.950700   5.31103837 
   2.955500   5.32034498 
   2.960400   5.32954529 
   2.965300   5.33812358 
   2.970200   5.34578081 
   2.975100   5.35225051 
   2.980000   5.35730805 
   2.984900   5.36077821 
   2.989700   5.36252203 
   2.994600   5.36254949 
   2.999500   5.36079968 
   3.004400   5.35732060 
   3.009300   5.35221011 
   3.014200   5.34560865 
   3.019100   5.33769038 
   3.023900   5.32884740 
   3.028800   5.31891877 
   3.033700   5.30829224 
   3.038600   5.29717588 
   3.043500   5.28576348 
   3.048400   5.27422814 
   3.053200   5.26295171 
   3.058100   5.25158315 
   3.063000   5.24045138 
   3.067900   5.22962311 
   3.072800   5.21914112 
   3.077700   5.20902770 
   3.082600   5.19928863 
   3.087400   5.19010457 
   3.092300   5.18107671 
   3.097200   5.17237657 
   3.102100   5.16397479 
   3.107000   5.15583640 
   3.111900   5.14791999 
   3.116800   5.14017608 
   3.121600   5.13270013 
   3.126500   5.12511014 
   3.131400   5.11747727 
   3.136300   5.10970109 
   3.141200   5.10166655 
   3.146100   5.09324554 
   3.151000   5.08430008 
   3.155800   5.07489075 
   3.160700   5.06448529 
   3.165600   5.05313730 
   3.170500   5.04072658 
   3.175400   5.02715553 
   3.180300   5.01235627 
   3.185100   4.99663726 
   3.190000   4.97935191 
   3.194900   4.96086675 
   3.199800   4.94127875 
   3.204700   4.92072890 
   3.209600   4.89939904 
   3.214500   4.87750680 
   3.219300   4.85575330 
   3.224200   4.83349456 
   3.229100   4.81145963 
   3.234000   4.78992833 
   3.238900   4.76917214 
   3.243800   4.74944440 
   3.248700   4.73097137 
   3.253500   4.71427624 
   3.258400   4.69881078 
   3.263300   4.68504182 
   3.268200   4.67302299 
   3.273100   4.66275615 
   3.278000   4.65419163 
   3.282900   4.64723014 
   3.287700   4.64182528 
   3.292600   4.63756912 
   3.297500   4.63436839 
   3.302400   4.63197562 
   3.307300   4.63012417 
   3.312200   4.62853691 
   3.317000   4.62696955 
   3.321900   4.62508910 
   3.326800   4.62266934 
   3.331700   4.61947420 
   3.336600   4.61529547 
   3.341500   4.60995748 
   3.346400   4.60332048 
   3.351200   4.59546088 
   3.356100   4.58598768 
   3.361000   4.57502172 
   3.365900   4.56256890 
   3.370800   4.54866574 
   3.375700   4.53337500 
   3.380600   4.51678080 
   3.385400   4.49935802 
   3.390300   4.48049035 
   3.395200   4.46064697 
   3.400100   4.43994867 
   3.405000   4.41851560 
   3.409900   4.39646492 
   3.414800   4.37390923 
   3.419600   4.35142774 
   3.424500   4.32818454 
   3.429400   4.30474273 
   3.434300   4.28119787 
   3.439200   4.25764421 
   3.444100   4.23417633 
   3.448900   4.21136342 
   3.453800   4.18835278 
   3.458700   4.16572529 
   3.463600   4.14358873 
   3.468500   4.12205500 
   3.473400   4.10123945 
   3.478300   4.08125967 
   3.483100   4.06261185 
   3.488000   4.04463401 
   3.492900   4.02783848 
   3.497800   4.01233364 
   3.502700   3.99822051 
   3.507600   3.98559104 
   3.512500   3.97452672 
   3.517300   3.96527327 
   3.522200   3.95750227 
   3.527100   3.95146959 
   3.532000   3.94720958 
   3.536900   3.94474540 
   3.541800   3.94408983 
   3.546700   3.94524617 
   3.551500   3.94813059 
   3.556400   3.95285008 
   3.561300   3.95934168 
   3.566200   3.96757582 
   3.571100   3.97751371 
   3.576000   3.98910572 
   3.580900   4.00228908 
   3.585700   4.01667063 
   3.590600   4.03275343 
   3.595500   4.05013261 
   3.600400   4.06866133 
   3.605300   4.08816302 
   3.610200   4.10842859 
   3.615000   4.12878700 
   3.619900   4.14981321 
   3.624800   4.17077578 
   3.629700   4.19133140 
   3.634600   4.21110967 
   3.639500   4.22971938 
   3.644400   4.24675666 
   3.649200   4.26152993 
   3.654100   4.27426293 
   3.659000   4.28424791 
   3.663900   4.29113924 
   3.668800   4.29463676 
   3.673700   4.29449781 
   3.678600   4.29054811 
   3.683400   4.28289047 
   3.688300   4.27119284 
   3.693200   4.25564929 
   3.698100   4.23642470 
   3.703000   4.21377263 
   3.707900   4.18803072 
   3.712800   4.15961299 
   3.717600   4.12964277 
   3.722500   4.09739510 
   3.727400   4.06404470 
   3.732300   4.03018525 
   3.737200   3.99641605 
   3.742100   3.96332470 
   3.746900   3.93210453 
   3.751800   3.90196109 
   3.756700   3.87401618 
   3.761600   3.84865556 
   3.766500   3.82618363 
   3.771400   3.80681584 
   3.776300   3.79067407 
   3.781100   3.77801566 
   3.786000   3.76824771 
   3.790900   3.76151133 
   3.795800   3.75756746 
   3.800700   3.75610293 
   3.805600   3.75674165 
   3.810500   3.75905757 
   3.815300   3.76250774 
   3.820200   3.76676129 
   3.825100   3.77126829 
   3.830000   3.77554827 
   3.834900   3.77914319 
   3.839800   3.78163004 
   3.844700   3.78263194 
   3.849500   3.78186343 
   3.854400   3.77903640 
   3.859300   3.77395259 
   3.864200   3.76648542 
   3.869100   3.75657623 
   3.874000   3.74423169 
   3.878800   3.72984232 
   3.883700   3.71292769 
   3.888600   3.69393117 
   3.893500   3.67305843 
   3.898400   3.65054419 
   3.903300   3.62664291 
   3.908200   3.60161985 
   3.913000   3.57627743 
   3.917900   3.54981771 
   3.922800   3.52301172 
   3.927700   3.49609355 
   3.932600   3.46927653 
   3.937500   3.44275056 
   3.942400   3.41668070 
   3.947200   3.39171998 
   3.952100   3.36694205 
   3.957000   3.34296618 
   3.961900   3.31986395 
   3.966800   3.29768811 
   3.971700   3.27647508 
   3.976600   3.25624751 
   3.981400   3.23739909 
   3.986300   3.21914651 
   3.991200   3.20188734 
   3.996100   3.18561033 
   4.001000   3.17029938 
   4.005900   3.15593427 
   4.010700   3.14275638 
   4.015600   3.13018967 
   4.020500   3.11848694 
   4.025400   3.10761329 
   4.030300   3.09752964 
   4.035200   3.08819243 
   4.040100   3.07955334 
   4.044900   3.07171622 
   4.049800   3.06429733 
   4.054700   3.05740346 
   4.059600   3.05096720 
   4.064500   3.04491720 
   4.069400   3.03917888 
   4.074300   3.03367536 
   4.079100   3.02843661 
   4.084000   3.02316751 
   4.088900   3.01790170 
   4.093800   3.01256495 
   4.098700   3.00708706 
   4.103600   3.00140322 
   4.108500   2.99545527 
   4.113300   2.98932407 
   4.118200   2.98271318 
   4.123100   2.97571471 
   4.128000   2.96830648 
   4.132900   2.96047662 
   4.137800   2.95222361 
   4.142600   2.94373692 
   4.147500   2.93468056 
   4.152400   2.92525375 
   4.157300   2.91549079 
   4.162200   2.90543250 
   4.167100   2.89512492 
   4.172000   2.88461790 
   4.176800   2.87418224 
   4.181700   2.86343546 
   4.186600   2.85264670 
   4.191500   2.84186764 
   4.196400   2.83114769 
   4.201300   2.82053329 
   4.206200   2.81006745 
   4.211000   2.79999722 
   4.215900   2.78993835 
   4.220800   2.78013540 
   4.225700   2.77061843 
   4.230600   2.76141547 
   4.235500   2.75255333 
   4.240400   2.74405845 
   4.245200   2.73611893 
   4.250100   2.72843157 
   4.255000   2.72119584 
   4.259900   2.71444397 
   4.264800   2.70821070 
   4.269700   2.70253322 
   4.274500   2.69754833 
   4.279400   2.69308835 
   4.284300   2.68930460 
   4.289200   2.68623762 
   4.294100   2.68392581 
   4.299000   2.68240375 
   4.303900   2.68170037 
   4.308700   2.68182580 
   4.313600   2.68279716 
   4.318500   2.68462143 
   4.323400   2.68728662 
   4.328300   2.69076636 
   4.333200   2.69501868 
   4.338100   2.69998514 
   4.342900   2.70547031 
   4.347800   2.71161240 
   4.352700   2.71819545 
   4.357600   2.72509632 
   4.362500   2.73217834 
   4.367400   2.73929333 
   4.372300   2.74628428 
   4.377100   2.75285548 
   4.382000   2.75911820 
   4.386900   2.76476796 
   4.391800   2.76964558 
   4.396700   2.77360081 
   4.401600   2.77649614 
   4.406400   2.77818801 
   4.411300   2.77864710 
   4.416200   2.77774668 
   4.421100   2.77543280 
   4.426000   2.77167836 
   4.430900   2.76648423 
   4.435800   2.75987957 
   4.440600   2.75209681 
   4.445500   2.74289359 
   4.450400   2.73252620 
   4.455300   2.72112440 
   4.460200   2.70883667 
   4.465100   2.69582648 
   4.470000   2.68226816 
   4.474800   2.66862915 
   4.479700   2.65452087 
   4.484600   2.64040480 
   4.489500   2.62645489 
   4.494400   2.61283464 
   4.499300   2.59969368 
   4.504200   2.58716481 
   4.509000   2.57559465 
   4.513900   2.56459256 
   4.518800   2.55447874 
   4.523700   2.54530239 
   4.528600   2.53709077 
   4.533500   2.52985003 
   4.538300   2.52368541 
   4.543200   2.51830917 
   4.548100   2.51381231 
   4.553000   2.51013416 
   4.557900   2.50720303 
   4.562800   2.50493878 
   4.567700   2.50325534 
   4.572500   2.50208319 
   4.577400   2.50128427 
   4.582300   2.50079779 
   4.587200   2.50053641 
   4.592100   2.50041693 
   4.597000   2.50036151 
   4.601900   2.50029863 
   4.606700   2.50016761 
   4.611600   2.49990674 
   4.616500   2.49946804 
   4.621400   2.49880930 
   4.626300   2.49789563 
   4.631200   2.49669912 
   4.636100   2.49519841 
   4.640900   2.49341857 
   4.645800   2.49127568 
   4.650700   2.48879840 
   4.655600   2.48598593 
   4.660500   2.48284119 
   4.665400   2.47937033 
   4.670200   2.47566265 
   4.675100   2.47157469 
   4.680000   2.46719363 
   4.684900   2.46253434 
   4.689800   2.45761312 
   4.694700   2.45244758 
   4.699600   2.44705651 
   4.704400   2.44157598 
   4.709300   2.43579826 
   4.714200   2.42985761 
   4.719100   2.42377729 
   4.724000   2.41758175 
   4.728900   2.41129669 
   4.733800   2.40494907 
   4.738600   2.39869759 
   4.743500   2.39231082 
   4.748400   2.38594954 
   4.753300   2.37964571 
   4.758200   2.37343226 
   4.763100   2.36734292 
   4.768000   2.36141190 
   4.772800   2.35578853 
   4.777700   2.35027203 
   4.782600   2.34501503 
   4.787500   2.34004963 
   4.792400   2.33540609 
   4.797300   2.33111222 
   4.802100   2.32726878 
   4.807000   2.32373621 
   4.811900   2.32061508 
   4.816800   2.31791697 
   4.821700   2.31564791 
   4.826600   2.31380794 
   4.831500   2.31239069 
   4.836300   2.31139977 
   4.841200   2.31077463 
   4.846100   2.31051389 
   4.851000   2.31058507 
   4.855900   2.31094981 
   4.860800   2.31156458 
   4.865700   2.31238154 
   4.870500   2.31332877 
   4.875400   2.31439373 
   4.880300   2.31550474 
   4.885200   2.31660968 
   4.890100   2.31765937 
   4.895000   2.31860939 
   4.899900   2.31942196 
   4.904700   2.32005639 
   4.909600   2.32052023 
   4.914500   2.32079098 
   4.919400   2.32087440 
   4.924300   2.32079061 
   4.929200   2.32057501 
   4.934000   2.32028512 
   4.938900   2.31997441 
   4.943800   2.31973016 
   4.948700   2.31964866 
   4.953600   2.31983926 
   4.958500   2.32042247 
   4.963400   2.32152755 
   4.968200   2.32324624 
   4.973100   2.32578570 
   4.978000   2.32925431 
   4.982900   2.33378447 
   4.987800   2.33949994 
   4.992700   2.34651181 
   4.997600   2.35491449 
   5.002400   2.36456551 
   5.007300   2.37591637 
   5.012200   2.38880464 
   5.017100   2.40322425 
   5.022000   2.41913768 
   5.026900   2.43647482 
   5.031800   2.45513261 
   5.036600   2.47455976 
   5.041500   2.49540225 
   5.046400   2.51707210 
   5.051300   2.53934869 
   5.056200   2.56198951 
   5.061100   2.58473471 
   5.066000   2.60731232 
   5.070800   2.62899846 
   5.075700   2.65042226 
   5.080600   2.67085255 
   5.085500   2.69002670 
   5.090400   2.70769912 
   5.095300   2.72364664 
   5.100100   2.73740746 
   5.105000   2.74939288 
   5.109900   2.75916549 
   5.114800   2.76663189 
   5.119700   2.77173719 
   5.124600   2.77446560 
   5.129500   2.77483983 
   5.134300   2.77298121 
   5.139200   2.76890486 
   5.144100   2.76275179 
   5.149000   2.75467525 
   5.153900   2.74485199 
   5.158800   2.73347749 
   5.163700   2.72076102 
   5.168500   2.70721278 
   5.173400   2.69248625 
   5.178300   2.67707369 
   5.183200   2.66119056 
   5.188100   2.64504292 
   5.193000   2.62882405 
   5.197900   2.61271152 
   5.202700   2.59718474 
   5.207600   2.58173465 
   5.212500   2.56680779 
   5.217400   2.55250310 
   5.222300   2.53889862 
   5.227200   2.52605218 
   5.232000   2.51424022 
   5.236900   2.50299122 
   5.241800   2.49256445 
   5.246700   2.48295049 
   5.251600   2.47412741 
   5.256500   2.46606275 
   5.261400   2.45871538 
   5.266200   2.45216732 
   5.271100   2.44609358 
   5.276000   2.44058061 
   5.280900   2.43556946 
   5.285800   2.43100005 
   5.290700   2.42681207 
   5.295600   2.42294578 
   5.300400   2.41941392 
   5.305300   2.41601331 
   5.310200   2.41276502 
   5.315100   2.40961624 
   5.320000   2.40651658 
   5.324900   2.40341823 
   5.329800   2.40027614 
   5.334600   2.39711524 
   5.339500   2.39376568 
   5.344400   2.39025704 
   5.349300   2.38655815 
   5.354200   2.38264245 
   5.359100   2.37848869 
   5.363900   2.37417418 
   5.368800   2.36951095 
   5.373700   2.36458565 
   5.378600   2.35940656 
   5.383500   2.35399185 
   5.388400   2.34837064 
   5.393300   2.34258403 
   5.398100   2.33680714 
   5.403000   2.33086581 
   5.407900   2.32496154 
   5.412800   2.31919146 
   5.417700   2.31366801 
   5.422600   2.30851906 
   5.427500   2.30388754 
   5.432300   2.30000379 
   5.437200   2.29687383 
   5.442100   2.29476870 
   5.447000   2.29388128 
   5.451900   2.29441241 
   5.456800   2.29656806 
   5.461700   2.30055619 
   5.466500   2.30643836 
   5.471400   2.31465698 
   5.476300   2.32530178 
   5.481200   2.33854898 
   5.486100   2.35455534 
   5.491000   2.37345319 
   5.495800   2.39486825 
   5.500700   2.41976071 
   5.505600   2.44774593 
   5.510500   2.47881157 
   5.515400   2.51289859 
   5.520300   2.54989825 
   5.525200   2.58964986 
   5.530000   2.63105280 
   5.534900   2.67557002 
   5.539800   2.72204543 
   5.544700   2.77011011 
   5.549600   2.81934818 
   5.554500   2.86930153 
   5.559400   2.91947565 
   5.564200   2.96833549 
   5.569100   3.01738106 
   5.574000   3.06503214 
   5.578900   3.11072826 
   5.583800   3.15391597 
   5.588700   3.19405914 
   5.593600   3.23064917 
   5.598400   3.26259345 
   5.603300   3.29080537 
   5.608200   3.31420672 
   5.613100   3.33248998 
   5.618000   3.34541641 
   5.622900   3.35282081 
   5.627700   3.35463425 
   5.632600   3.35092111 
   5.637500   3.34165177 
   5.642400   3.32696758 
   5.647300   3.30708203 
   5.652200   3.28227565 
   5.657100   3.25288943 
   5.661900   3.22004141 
   5.666800   3.18279320 
   5.671700   3.14226023 
   5.676600   3.09894040 
   5.681500   3.05334723 
   5.686400   3.00600010 
   5.691300   2.95741489 
   5.696100   2.90910579 
   5.701000   2.85953517 
   5.705900   2.81015987 
   5.710800   2.76140275 
   5.715700   2.71364821 
   5.720600   2.66723846 
   5.725500   2.62247085 
   5.730300   2.58045104 
   5.735200   2.53962949 
   5.740100   2.50106075 
   5.745000   2.46485914 
   5.749900   2.43109644 
   5.754800   2.39980467 
   5.759600   2.37154321 
   5.764500   2.34509812 
   5.769400   2.32101748 
   5.774300   2.29921026 
   5.779200   2.27956412 
   5.784100   2.26194911 
   5.789000   2.24622135 
   5.793800   2.23249569 
   5.798700   2.22004103 
   5.803600   2.20899383 
   5.808500   2.19918521 
   5.813400   2.19044628 
   5.818300   2.18261013 
   5.823200   2.17551354 
   5.828000   2.16912671 
   5.832900   2.16303463 
   5.837800   2.15723209 
   5.842700   2.15158433 
   5.847600   2.14596659 
   5.852500   2.14026511 
   5.857400   2.13437814 
   5.862200   2.12834587 
   5.867100   2.12184315 
   5.872000   2.11493216 
   5.876900   2.10756813 
   5.881800   2.09972279 
   5.886700   2.09138512 
   5.891500   2.08274677 
   5.896400   2.07347246 
   5.901300   2.06378092 
   5.906200   2.05373470 
   5.911100   2.04341519 
   5.916000   2.03292229 
   5.920900   2.02237377 
   5.925700   2.01211624 
   5.930600   2.00187000 
   5.935500   1.99201424 
   5.940400   1.98272534 
   5.945300   1.97418958 
   5.950200   1.96660053 
   5.955100   1.96015610 
   5.959900   1.95514466 
   5.964800   1.95155075 
   5.969700   1.94968386 
   5.974600   1.94972484 
   5.979500   1.95184069 
   5.984400   1.95618058 
   5.989300   1.96287184 
   5.994100   1.97180445 
   5.999000   1.98342201 
   6.003900   1.99760403 
   6.008800   2.01435516 
   6.013700   2.03364190 
   6.018600   2.05539056 
   6.023400   2.07897175 
   6.028300   2.10521381 
   6.033200   2.13345050 
   6.038100   2.16344226 
   6.043000   2.19491019 
   6.047900   2.22753870 
   6.052800   2.26097890 
   6.057600   2.29415994 
   6.062500   2.32806959 
   6.067400   2.36160008 
   6.072300   2.39431974 
   6.077200   2.42579166 
   6.082100   2.45558085 
   6.087000   2.48326151 
   6.091800   2.50793864 
   6.096700   2.53026125 
   6.101600   2.54933278 
   6.106500   2.56483477 
   6.111400   2.57649157 
   6.116300   2.58407543 
   6.121200   2.58741066 
   6.126000   2.58644208 
   6.130900   2.58106671 
   6.135800   2.57125389 
   6.140700   2.55705588 
   6.145600   2.53858190 
   6.150500   2.51599585 
   6.155300   2.49009072 
   6.160200   2.46004453 
   6.165100   2.42666154 
   6.170000   2.39028175 
   6.174900   2.35127547 
   6.179800   2.31003673 
   6.184700   2.26697655 
   6.189500   2.22343477 
   6.194400   2.17801483 
   6.199300   2.13203316 
   6.204200   2.08590332 
   6.209100   2.04002467 
   6.214000   1.99477749 
   6.218900   1.95051864 
   6.223700   1.90843904 
   6.228600   1.86708046 
   6.233500   1.82760235 
   6.238400   1.79023924 
   6.243300   1.75519097 
   6.248200   1.72262232 
   6.253100   1.69266311 
   6.257900   1.66593757 
   6.262800   1.64139359 
   6.267700   1.61964659 
   6.272600   1.60069682 
   6.277500   1.58451572 
   6.282400   1.57104779 
   6.287200   1.56040797 
   6.292100   1.55205139 
   6.297000   1.54610219 
   6.301900   1.54241731 
   6.306800   1.54083672 
   6.311700   1.54118554 
   6.316600   1.54327607 
   6.321400   1.54682162 
   6.326300   1.55176648 
   6.331200   1.55783849 
   6.336100   1.56482004 
   6.341000   1.57249155 
   6.345900   1.58063384 
   6.350800   1.58903048 
   6.355600   1.59729897 
   6.360500   1.60558367 
   6.365400   1.61351845 
   6.370300   1.62092217 
   6.375200   1.62762846 
   6.380100   1.63348789 
   6.385000   1.63837001 
   6.389800   1.64209909 
   6.394700   1.64474419 
   6.399600   1.64615149 
   6.404500   1.64628038 
   6.409400   1.64511477 
   6.414300   1.64266302 
   6.419100   1.63904532 
   6.424000   1.63416519 
   6.428900   1.62816209 
   6.433800   1.62113268 
   6.438700   1.61319146 
   6.443600   1.60446818 
   6.448500   1.59510504 
   6.453300   1.58545852 
   6.458200   1.57528164 
   6.463100   1.56493132 
   6.468000   1.55456737 
   6.472900   1.54434560 
   6.477800   1.53441461 
   6.482700   1.52491266 
   6.487500   1.51614111 
   6.492400   1.50784216 
   6.497300   1.50029639 
   6.502200   1.49357595 
   6.507100   1.48773198 
   6.512000   1.48279371 
   6.516900   1.47876805 
   6.521700   1.47569473 
   6.526600   1.47340944 
   6.531500   1.47192783 
   6.536400   1.47117306 
   6.541300   1.47105067 
   6.546200   1.47145071 
   6.551100   1.47225013 
   6.555900   1.47329194 
   6.560800   1.47448085 
   6.565700   1.47565160 
   6.570600   1.47665655 
   6.575500   1.47734917 
   6.580400   1.47758688 
   6.585200   1.47724778 
   6.590100   1.47619309 
   6.595000   1.47430800 
   6.599900   1.47149053 
   6.604800   1.46765384 
   6.609700   1.46272758 
   6.614600   1.45665890 
   6.619400   1.44957282 
   6.624300   1.44115779 
   6.629200   1.43155085 
   6.634100   1.42077140 
   6.639000   1.40885591 
   6.643900   1.39585702 
   6.648800   1.38184217 
   6.653600   1.36720606 
   6.658500   1.35142978 
   6.663400   1.33491140 
   6.668300   1.31776156 
   6.673200   1.30009727 
   6.678100   1.28204005 
   6.683000   1.26371414 
   6.687800   1.24562230 
   6.692700   1.22713316 
   6.697600   1.20874504 
   6.702500   1.19057692 
   6.707400   1.17274303 
   6.712300   1.15535181 
   6.717100   1.13884273 
   6.722000   1.12262064 
   6.726900   1.10712168 
   6.731800   1.09242357 
   6.736700   1.07859505 
   6.741600   1.06569558 
   6.746500   1.05377514 
   6.751300   1.04308619 
   6.756200   1.03321362 
   6.761100   1.02441182 
   6.766000   1.01669225 
   6.770900   1.01005670 
   6.775800   1.00449731 
   6.780700   0.99999670 
   6.785500   0.99658877 
   6.790400   0.99409610 
   6.795300   0.99255515 
   6.800200   0.99191204 
   6.805100   0.99210440 
   6.810000   0.99306168 
   6.814900   0.99470564 
   6.819700   0.99689972 
   6.824600   0.99964518 
   6.829500   1.00280488 
   6.834400   1.00627683 
   6.839300   1.00995534 
   6.844200   1.01373220 
   6.849000   1.01742191 
   6.853900   1.02107067 
   6.858800   1.02449327 
   6.863700   1.02758482 
   6.868600   1.03024500 
   6.873500   1.03237958 
   6.878400   1.03390190 
   6.883200   1.03472478 
   6.888100   1.03481639 
   6.893000   1.03409663 
   6.897900   1.03252254 
   6.902800   1.03006487 
   6.907700   1.02670871 
   6.912600   1.02245397 
   6.917400   1.01742912 
   6.922300   1.01145404 
   6.927200   1.00466867 
   6.932100   0.99713124 
   6.937000   0.98891309 
   6.941900   0.98009753 
   6.946800   0.97077844 
   6.951600   0.96126030 
   6.956500   0.95125461 
   6.961400   0.94107105 
   6.966300   0.93082792 
   6.971200   0.92064457 
   6.976100   0.91063921 
   6.980900   0.90112133 
   6.985800   0.89180208 
   6.990700   0.88298544 
   6.995600   0.87476450 
   7.000500   0.86722150 
   7.005400   0.86042629 
   7.010300   0.85443514 
   7.015100   0.84938614 
   7.020000   0.84509512 
   7.024900   0.84168722 
   7.029800   0.83915794 
   7.034700   0.83748727 
   7.039600   0.83664020 
   7.044500   0.83656743 
   7.049300   0.83718675 
   7.054200   0.83845078 
   7.059100   0.84026874 
   7.064000   0.84254672 
   7.068900   0.84518350 
   7.073800   0.84807247 
   7.078700   0.85110341 
   7.083500   0.85410240 
   7.088400   0.85708460 
   7.093300   0.85987774 
   7.098200   0.86237581 
   7.103100   0.86447808 
   7.108000   0.86609057 
   7.112800   0.86711249 
   7.117700   0.86751081 
   7.122600   0.86719110 
   7.127500   0.86609705 
   7.132400   0.86418351 
   7.137300   0.86141673 
   7.142200   0.85777443 
   7.147000   0.85334697 
   7.151900   0.84794979 
   7.156800   0.84167643 
   7.161700   0.83454716 
   7.166600   0.82659140 
   7.171500   0.81784687 
   7.176400   0.80835872 
   7.181200   0.79839280 
   7.186100   0.78758984 
   7.191000   0.77621185 
   7.195900   0.76432359 
   7.200800   0.75199222 
   7.205700   0.73928646 
   7.210600   0.72627567 
   7.215400   0.71330127 
   7.220300   0.69988981 
   7.225200   0.68637616 
   7.230100   0.67282495 
   7.235000   0.65929814 
   7.239900   0.64585463 
   7.244700   0.63281966 
   7.249600   0.61970103 
   7.254500   0.60681980 
   7.259400   0.59421977 
   7.264300   0.58194057 
   7.269200   0.57001757 
   7.274100   0.55848188 
   7.278900   0.54758305 
   7.283800   0.53688931 
   7.288700   0.52665067 
   7.293600   0.51688181 
   7.298500   0.50759350 
   7.303400   0.49879280 
   7.308300   0.49048318 
   7.313100   0.48281938 
   7.318000   0.47547899 
   7.322900   0.46862058 
   7.327800   0.46223520 
   7.332700   0.45631130 
   7.337600   0.45083493 
   7.342500   0.44579002 
   7.347300   0.44124907 
   7.352200   0.43700355 
   7.357100   0.43313116 
   7.362000   0.42960965 
   7.366900   0.42641589 
   7.371800   0.42352604 
   7.376600   0.42096653 
   7.381500   0.41860672 
   7.386400   0.41647840 
   7.391300   0.41455754 
   7.396200   0.41282065 
   7.401100   0.41124497 
   7.406000   0.40980865 
   7.410800   0.40851677 
   7.415700   0.40729631 
   7.420600   0.40615716 
   7.425500   0.40508267 
   7.430400   0.40405772 
   7.435300   0.40306889 
   7.440200   0.40210441 
   7.445000   0.40117354 
   7.449900   0.40022929 
   7.454800   0.39928448 
   7.459700   0.39833408 
   7.464600   0.39737463 
   7.469500   0.39640419 
   7.474400   0.39542223 
   7.479200   0.39444987 
   7.484100   0.39344854 
   7.489000   0.39244139 
   7.493900   0.39143237 
   7.498800   0.39042622 
   7.503700   0.38942836 
   7.508500   0.38846458 
   7.513400   0.38750094 
   7.518300   0.38656421 
   7.523200   0.38566106 
   7.528100   0.38479812 
   7.533000   0.38398193 
   7.537900   0.38321873 
   7.542700   0.38252821 
   7.547600   0.38188695 
   7.552500   0.38131490 
   7.557400   0.38081636 
   7.562300   0.38039496 
   7.567200   0.38005352 
   7.572100   0.37979408 
   7.576900   0.37962052 
   7.581800   0.37952584 
   7.586700   0.37951380 
   7.591600   0.37958266 
   7.596500   0.37972973 
   7.601400   0.37995128 
   7.606300   0.38024253 
   7.611100   0.38058990 
   7.616000   0.38100122 
   7.620900   0.38146219 
   7.625800   0.38196417 
   7.630700   0.38249769 
   7.635600   0.38305245 
   7.640400   0.38360586 
   7.645300   0.38416956 
   7.650200   0.38471990 
   7.655100   0.38524432 
   7.660000   0.38572996 
   7.664900   0.38616381 
   7.669800   0.38653288 
   7.674600   0.38681922 
   7.679500   0.38702245 
   7.684400   0.38712370 
   7.689300   0.38711151 
   7.694200   0.38697521 
   7.699100   0.38670507 
   7.704000   0.38629242 
   7.708800   0.38574277 
   7.713700   0.38502715 
   7.718600   0.38415062 
   7.723500   0.38310982 
   7.728400   0.38190290 
   7.733300   0.38052955 
   7.738200   0.37899101 
   7.743000   0.37732638 
   7.747900   0.37547047 
   7.752800   0.37346199 
   7.757700   0.37130794 
   7.762600   0.36901658 
   7.767500   0.36659732 
   7.772300   0.36411341 
   7.777200   0.36147239 
   7.782100   0.35873679 
   7.787000   0.35591908 
   7.791900   0.35303216 
   7.796800   0.35008913 
   7.801700   0.34710322 
   7.806500   0.34414933 
   7.811400   0.34111712 
   7.816300   0.33808053 
   7.821200   0.33505179 
   7.826100   0.33204260 
   7.831000   0.32906406 
   7.835900   0.32612659 
   7.840700   0.32329821 
   7.845600   0.32046986 
   7.850500   0.31770914 
   7.855400   0.31502336 
   7.860300   0.31241902 
   7.865200   0.30990181 
   7.870100   0.30747662 
   7.874900   0.30519412 
   7.879800   0.30296252 
   7.884700   0.30083303 
   7.889600   0.29880765 
   7.894500   0.29688774 
   7.899400   0.29507403 
   7.904300   0.29336672 
   7.909100   0.29179709 
   7.914000   0.29029892 
   7.918900   0.28890473 
   7.923800   0.28761282 
   7.928700   0.28642113 
   7.933600   0.28532724 
   7.938400   0.28434785 
   7.943300   0.28343917 
   7.948200   0.28261929 
   7.953100   0.28188465 
   7.958000   0.28123153 
   7.962900   0.28065598 
   7.967800   0.28015392 
   7.972600   0.27972927 
   7.977500   0.27936006 
   7.982400   0.27905137 
   7.987300   0.27879867 
   7.992200   0.27859736 
   7.997100   0.27844280 
   8.002000   0.27833032 
   8.006800   0.27825641 
   8.011700   0.27821339 
   8.016600   0.27819847 
   8.021500   0.27820699 
   8.026400   0.27823429 
   8.031300   0.27827578 
   8.036200   0.27832686 
   8.041000   0.27838186 
   8.045900   0.27843865 
   8.050800   0.27849171 
   8.055700   0.27853670 
   8.060600   0.27856934 
   8.065500   0.27858546 
   8.070300   0.27858131 
   8.075200   0.27855282 
   8.080100   0.27849603 
   8.085000   0.27840731 
   8.089900   0.27828317 
   8.094800   0.27812037 
   8.099700   0.27791591 
   8.104500   0.27767260 
   8.109400   0.27737791 
   8.114300   0.27703439 
   8.119200   0.27664032 
   8.124100   0.27619441 
   8.129000   0.27569582 
   8.133900   0.27514416 
   8.138700   0.27455239 
   8.143600   0.27389646 
   8.148500   0.27318927 
   8.153400   0.27243245 
   8.158300   0.27162817 
   8.163200   0.27077908 
   8.168100   0.26988831 
   8.172900   0.26897877 
   8.177800   0.26801648 
   8.182700   0.26702438 
   8.187600   0.26600713 
   8.192500   0.26496962 
   8.197400   0.26391693 
   8.202200   0.26287597 
   8.207100   0.26180845 
   8.212000   0.26074108 
   8.216900   0.25967881 
   8.221800   0.25862632 
   8.226700   0.25758802 
   8.231600   0.25656788 
   8.236400   0.25558954 
   8.241300   0.25461519 
   8.246200   0.25366783 
   8.251100   0.25274923 
   8.256000   0.25186048 
   8.260900   0.25100199 
   8.265800   0.25017348 
   8.270600   0.24939001 
   8.275500   0.24861731 
   8.280400   0.24786974 
   8.285300   0.24714440 
   8.290200   0.24643788 
   8.295100   0.24574629 
   8.300000   0.24506534 
   8.304800   0.24440415 
   8.309700   0.24373042 
   8.314600   0.24305298 
   8.319500   0.24236682 
   8.324400   0.24166696 
   8.329300   0.24094857 
   8.334100   0.24022246 
   8.339000   0.23945417 
   8.343900   0.23865470 
   8.348800   0.23782065 
   8.353700   0.23694914 
   8.358600   0.23603787 
   8.363500   0.23508516 
   8.368300   0.23411072 
   8.373200   0.23307358 
   8.378100   0.23199389 
   8.383000   0.23087258 
   8.387900   0.22971122 
   8.392800   0.22851196 
   8.397700   0.22727754 
   8.402500   0.22603732 
   8.407400   0.22474321 
   8.412300   0.22342479 
   8.417200   0.22208638 
   8.422100   0.22073257 
   8.427000   0.21936805 
   8.431900   0.21799762 
   8.436700   0.21665402 
   8.441600   0.21528586 
   8.446500   0.21392565 
   8.451400   0.21257766 
   8.456300   0.21124588 
   8.461200   0.20993392 
   8.466000   0.20867101 
   8.470900   0.20740724 
   8.475800   0.20617140 
   8.480700   0.20496522 
   8.485600   0.20378987 
   8.490500   0.20264597 
   8.495400   0.20153361 
   8.500200   0.20047406 
   8.505100   0.19942221 
   8.510000   0.19839895 
   8.514900   0.19740233 
   8.519800   0.19642998 
   8.524700   0.19547913 
   8.529600   0.19454673 
   8.534400   0.19364801 
   8.539300   0.19274207 
   8.544200   0.19184411 
   8.549100   0.19095040 
   8.554000   0.19005723 
   8.558900   0.18916096 
   8.563800   0.18825808 
   8.568600   0.18736408 
   8.573500   0.18643875 
   8.578400   0.18549793 
   8.583300   0.18453934 
   8.588200   0.18356116 
   8.593100   0.18256202 
   8.597900   0.18156214 
   8.602800   0.18051957 
   8.607700   0.17945518 
   8.612600   0.17836979 
   8.617500   0.17726480 
   8.622400   0.17614218 
   8.627300   0.17500443 
   8.632100   0.17387813 
   8.637000   0.17271979 
   8.641900   0.17155669 
   8.646800   0.17039315 
   8.651700   0.16923378 
   8.656600   0.16808351 
   8.661500   0.16694742 
   8.666300   0.16585329 
   8.671200   0.16476070 
   8.676100   0.16369789 
   8.681000   0.16266999 
   8.685900   0.16168193 
   8.690800   0.16073840 
   8.695700   0.15984374 
   8.700500   0.15901853 
   8.705400   0.15823182 
   8.710300   0.15750434 
   8.715200   0.15683848 
   8.720100   0.15623607 
   8.725000   0.15569824 
   8.729800   0.15523449 
   8.734700   0.15482530 
   8.739600   0.15448012 
   8.744500   0.15419737 
   8.749400   0.15397480 
   8.754300   0.15380948 
   8.759200   0.15369787 
   8.764000   0.15363663 
   8.768900   0.15361859 
   8.773800   0.15364033 
   8.778700   0.15369623 
   8.783600   0.15378030 
   8.788500   0.15388623 
   8.793400   0.15400749 
   8.798200   0.15413469 
   8.803100   0.15426649 
   8.808000   0.15439353 
   8.812900   0.15450913 
   8.817800   0.15460676 
   8.822700   0.15468013 
   8.827600   0.15472325 
   8.832400   0.15473073 
   8.837300   0.15469781 
   8.842200   0.15461922 
   8.847100   0.15449082 
   8.852000   0.15430901 
   8.856900   0.15407083 
   8.861700   0.15378064 
   8.866600   0.15342469 
   8.871500   0.15300743 
   8.876400   0.15252853 
   8.881300   0.15198832 
   8.886200   0.15138780 
   8.891100   0.15072856 
   8.895900   0.15002794 
   8.900800   0.14925946 
   8.905700   0.14844036 
   8.910600   0.14757435 
   8.915500   0.14666551 
   8.920400   0.14571826 
   8.925300   0.14473730 
   8.930100   0.14374840 
   8.935000   0.14271533 
   8.939900   0.14166352 
   8.944800   0.14059814 
   8.949700   0.13952428 
   8.954600   0.13844692 
   8.959500   0.13737090 
   8.964300   0.13632258 
   8.969200   0.13526258 
   8.974100   0.13421686 
   8.979000   0.13318918 
   8.983900   0.13218292 
   8.988800   0.13120106 
   8.993600   0.13026544 
   8.998500   0.12933925 
   9.003400   0.12844408 
   9.008300   0.12758139 
   9.013200   0.12675222 
   9.018100   0.12595727 
   9.023000   0.12519692 
   9.027800   0.12448567 
   9.032700   0.12379367 
   9.037600   0.12313562 
   9.042500   0.12251084 
   9.047400   0.12191847 
   9.052300   0.12135750 
   9.057200   0.12082684 
   9.062000   0.12033526 
   9.066900   0.11986109 
   9.071800   0.11941366 
   9.076700   0.11899176 
   9.081600   0.11859425 
   9.086500   0.11822004 
   9.091400   0.11786813 
   9.096200   0.11754413 
   9.101100   0.11723374 
   9.106000   0.11694321 
   9.110900   0.11667192 
   9.115800   0.11641936 
   9.120700   0.11618509 
   9.125500   0.11597298 
   9.130400   0.11577391 
   9.135300   0.11559221 
   9.140200   0.11542766 
   9.145100   0.11528003 
   9.150000   0.11514907 
   9.154900   0.11503450 
   9.159700   0.11493785 
   9.164600   0.11485468 
   9.169500   0.11478667 
   9.174400   0.11473320 
   9.179300   0.11469354 
   9.184200   0.11466683 
   9.189100   0.11465206 
   9.193900   0.11464805 
   9.198800   0.11465335 
   9.203700   0.11466670 
   9.208600   0.11468650 
   9.213500   0.11471101 
   9.218400   0.11473835 
   9.223300   0.11476654 
   9.228100   0.11479295 
   9.233000   0.11481654 
   9.237900   0.11483448 
   9.242800   0.11484445 
   9.247700   0.11484412 
   9.252600   0.11483114 
   9.257400   0.11480391 
   9.262300   0.11475901 
   9.267200   0.11469462 
   9.272100   0.11460856 
   9.277000   0.11449876 
   9.281900   0.11436329 
   9.286800   0.11420033 
   9.291600   0.11401247 
   9.296500   0.11379044 
   9.301400   0.11353658 
   9.306300   0.11324983 
   9.311200   0.11292936 
   9.316100   0.11257455 
   9.321000   0.11218506 
   9.325800   0.11176977 
   9.330700   0.11131152 
   9.335600   0.11081900 
   9.340500   0.11029286 
   9.345400   0.10973401 
   9.350300   0.10914361 
   9.355200   0.10852305 
   9.360000   0.10788751 
   9.364900   0.10721232 
   9.369800   0.10651252 
   9.374700   0.10579035 
   9.379600   0.10504828 
   9.384500   0.10428888 
   9.389400   0.10351492 
   9.394200   0.10274535 
   9.399100   0.10195101 
   9.404000   0.10115082 
   9.408900   0.10034781 
   9.413800   0.09954502 
   9.418700   0.09874549 
   9.423500   0.09796829 
   9.428400   0.09718390 
   9.433300   0.09641138 
   9.438200   0.09565340 
   9.443100   0.09491250 
   9.448000   0.09419100 
   9.452900   0.09349105 
   9.457700   0.09282814 
   9.462600   0.09217631 
   9.467500   0.09155105 
   9.472400   0.09095356 
   9.477300   0.09038473 
   9.482200   0.08984521 
   9.487100   0.08933536 
   9.491900   0.08886474 
   9.496800   0.08841357 
   9.501700   0.08799150 
   9.506600   0.08759780 
   9.511500   0.08723152 
   9.516400   0.08689147 
   9.521300   0.08657625 
   9.526100   0.08629002 
   9.531000   0.08601910 
   9.535900   0.08576779 
   9.540800   0.08553408 
   9.545700   0.08531582 
   9.550600   0.08511083 
   9.555400   0.08492073 
   9.560300   0.08473537 
   9.565200   0.08455656 
   9.570100   0.08438208 
   9.575000   0.08420974 
   9.579900   0.08403745 
   9.584800   0.08386320 
   9.589600   0.08368876 
   9.594500   0.08350514 
   9.599400   0.08331428 
   9.604300   0.08311472 
   9.609200   0.08290514 
   9.614100   0.08268440 
   9.619000   0.08245153 
   9.623800   0.08221091 
   9.628700   0.08195191 
   9.633600   0.08167899 
   9.638500   0.08139189 
   9.643400   0.08109054 
   9.648300   0.08077501 
   9.653200   0.08044555 
   9.658000   0.08010967 
   9.662900   0.07975390 
   9.667800   0.07938571 
   9.672700   0.07900585 
   9.677600   0.07861516 
   9.682500   0.07821453 
   9.687300   0.07781339 
   9.692200   0.07739600 
   9.697100   0.07697168 
   9.702000   0.07654145 
   9.706900   0.07610637 
   9.711800   0.07566744 
   9.716700   0.07522563 
   9.721500   0.07479092 
   9.726400   0.07434602 
   9.731300   0.07390074 
   9.736200   0.07345573 
   9.741100   0.07301154 
   9.746000   0.07256858 
   9.750900   0.07212714 
   9.755700   0.07169634 
   9.760600   0.07125822 
   9.765500   0.07082162 
   9.770400   0.07038625 
   9.775300   0.06995164 
   9.780200   0.06951718 
   9.785100   0.06908208 
   9.789900   0.06865436 
   9.794800   0.06821515 
   9.799700   0.06777214 
   9.804600   0.06732398 
   9.809500   0.06686924 
   9.814400   0.06640635 
   9.819200   0.06594342 
   9.824100   0.06545949 
   9.829000   0.06496230 
   9.833900   0.06445005 
   9.838800   0.06392089 
   9.843700   0.06337298 
   9.848600   0.06280450 
   9.853400   0.06222595 
   9.858300   0.06161155 
   9.863200   0.06097144 
   9.868100   0.06030410 
   9.873000   0.05960808 
   9.877900   0.05888210 
   9.882800   0.05812501 
   9.887600   0.05735229 
   9.892500   0.05653097 
   9.897400   0.05567624 
   9.902300   0.05478773 
   9.907200   0.05386529 
   9.912100   0.05290901 
   9.917000   0.05191920 
   9.921800   0.05091761 
   9.926700   0.04986330 
   9.931600   0.04877783 
   9.936500   0.04766246 
   9.941400   0.04651869 
   9.946300   0.04534823 
   9.951100   0.04417763 
   9.956000   0.04296020 
   9.960900   0.04172238 
   9.965800   0.04046664 
   9.970700   0.03919558 
   9.975600   0.03791194 
   9.980500   0.03661858 
   9.985300   0.03534500 
   9.990200   0.03404108 
   9.995100   0.03273633 
  10.000000   0.03143379 
 