   0.000000   0.00000000 
   0.009775 1417.13315733 
   0.019550  62.70733984 
   0.029326  60.86948906 
   0.039101  82.48191400 
   0.048876 126.16077595 
   0.058651 167.87653603 
   0.068426 172.76171016 
   0.078201 165.79647211 
   0.087977 161.12049215 
   0.097752 154.52930940 
   0.107530 140.04250162 
   0.117300 125.37789425 
   0.127080 114.33663914 
   0.136850 105.07565492 
   0.146630  96.23523229 
   0.156400  87.21589573 
   0.166180  79.26477032 
   0.175950  73.49906036 
   0.185730  69.52708749 
   0.195500  66.35359228 
   0.205280  62.78195796 
   0.215050  58.43960853 
   0.224830  54.24342674 
   0.234600  50.87641440 
   0.244380  47.99440535 
   0.254150  45.15536482 
   0.263930  42.25710593 
   0.273700  39.35186858 
   0.283480  36.55775982 
   0.293260  34.04808040 
   0.303030  31.89506799 
   0.312810  30.04551389 
   0.322580  28.44573754 
   0.332360  27.06639236 
   0.342130  25.85951998 
   0.351910  24.73636542 
   0.361680  23.67093952 
   0.371460  22.75158607 
   0.381230  22.10841441 
   0.391010  21.78067672 
   0.400780  21.69249122 
   0.410560  21.71788873 
   0.420330  21.78883692 
   0.430110  22.01460129 
   0.439880  22.71644165 
   0.449660  24.20621610 
   0.459430  26.31683547 
   0.469210  28.15175462 
   0.478980  28.51468332 
   0.488760  26.86450403 
   0.498530  23.79438648 
   0.508310  20.47647679 
   0.518080  17.76216980 
   0.527860  15.81567207 
   0.537630  14.44206408 
   0.547410  13.44492654 
   0.557180  12.73994443 
   0.566960  12.28256732 
   0.576740  12.02280622 
   0.586510  11.89789104 
   0.596290  11.84024987 
   0.606060  11.78346162 
   0.615840  11.66976945 
   0.625610  11.46278124 
   0.635390  11.15579983 
   0.645160  10.77411712 
   0.654940  10.36151816 
   0.664710   9.96419589 
   0.674490   9.61118641 
   0.684260   9.31376172 
   0.694040   9.07173937 
   0.703810   8.88736420 
   0.713590   8.76548583 
   0.723360   8.70619309 
   0.733140   8.69377115 
   0.742910   8.69769335 
   0.752690   8.68526250 
   0.762460   8.63765811 
   0.772240   8.55744325 
   0.782010   8.46526464 
   0.791790   8.38958802 
   0.801560   8.35749486 
   0.811340   8.38513899 
   0.821110   8.46875912 
   0.830890   8.57898194 
   0.840660   8.66489759 
   0.850440   8.67276720 
   0.860220   8.56894642 
   0.869990   8.35515625 
   0.879770   8.06352446 
   0.889540   7.73986381 
   0.899320   7.42170332 
   0.909090   7.13117123 
   0.918870   6.87549316 
   0.928640   6.65909469 
   0.938420   6.49023520 
   0.948190   6.38552130 
   0.957970   6.36453565 
   0.967740   6.44117457 
   0.977520   6.61175350 
   0.987290   6.84527244 
   0.997070   7.08461713 
   1.006800   7.25774921 
   1.016600   7.30579164 
   1.026400   7.20033787 
   1.036200   6.95975532 
   1.045900   6.64215095 
   1.055700   6.30817062 
   1.065500   6.01735136 
   1.075300   5.80051738 
   1.085000   5.66262426 
   1.094800   5.58603632 
   1.104600   5.54956585 
   1.114400   5.53116974 
   1.124100   5.51579762 
   1.133900   5.49741441 
   1.143700   5.47953945 
   1.153500   5.47146010 
   1.163200   5.48263643 
   1.173000   5.51745102 
   1.182800   5.57069291 
   1.192600   5.62784211 
   1.202300   5.66925662 
   1.212100   5.67868738 
   1.221900   5.64672154 
   1.231700   5.57567741 
   1.241400   5.47837226 
   1.251200   5.36871767 
   1.261000   5.26235661 
   1.270800   5.16902084 
   1.280500   5.09338400 
   1.290300   5.03375662 
   1.300100   4.98909963 
   1.309900   4.95735362 
   1.319600   4.93685154 
   1.329400   4.92510784 
   1.339200   4.91951224 
   1.349000   4.91639134 
   1.358700   4.91196894 
   1.368500   4.90307301 
   1.378300   4.88807479 
   1.388100   4.86702176 
   1.397800   4.84173789 
   1.407600   4.81420097 
   1.417400   4.78744760 
   1.427200   4.76376356 
   1.437000   4.74417404 
   1.446700   4.72810774 
   1.456500   4.71280583 
   1.466300   4.69491612 
   1.476100   4.67090094 
   1.485800   4.63871475 
   1.495600   4.59709131 
   1.505400   4.54762167 
   1.515200   4.49310182 
   1.524900   4.43770159 
   1.534700   4.38401074 
   1.544500   4.33605226 
   1.554300   4.29666943 
   1.564000   4.26815918 
   1.573800   4.25114814 
   1.583600   4.24646068 
   1.593400   4.25409135 
   1.603100   4.27374847 
   1.612900   4.30632676 
   1.622700   4.35313531 
   1.632500   4.41666948 
   1.642200   4.49900426 
   1.652000   4.60417802 
   1.661800   4.73136685 
   1.671600   4.87619832 
   1.681300   5.02733305 
   1.691100   5.17320726 
   1.700900   5.29468422 
   1.710700   5.37510547 
   1.720400   5.40293281 
   1.730200   5.37544840 
   1.740000   5.29791201 
   1.749800   5.18370308 
   1.759500   5.05154230 
   1.769300   4.91557967 
   1.779100   4.79037197 
   1.788900   4.68363648 
   1.798600   4.59842270 
   1.808400   4.53131504 
   1.818200   4.47969850 
   1.828000   4.43984760 
   1.837700   4.40930865 
   1.847500   4.38604387 
   1.857300   4.36997985 
   1.867100   4.36102168 
   1.876800   4.35870771 
   1.886600   4.36168002 
   1.896400   4.36758385 
   1.906200   4.37296910 
   1.915900   4.37364418 
   1.925700   4.36504253 
   1.935500   4.34252436 
   1.945300   4.30192503 
   1.955000   4.24067916 
   1.964800   4.15547272 
   1.974600   4.04635751 
   1.984400   3.91473011 
   1.994100   3.76553092 
   2.003900   3.60068563 
   2.013700   3.42796945 
   2.023500   3.25437641 
   2.033200   3.08855181 
   2.043000   2.93345689 
   2.052800   2.79643523 
   2.062600   2.68230542 
   2.072300   2.59632979 
   2.082100   2.54180693 
   2.091900   2.52661385 
   2.101700   2.56053259 
   2.111400   2.65580127 
   2.121200   2.83164299 
   2.131000   3.10721330 
   2.140800   3.50137001 
   2.150500   4.02071875 
   2.160300   4.67593595 
   2.170100   5.44336051 
   2.179900   6.28094153 
   2.189600   7.11561649 
   2.199400   7.88418854 
   2.209200   8.49208520 
   2.219000   8.86370967 
   2.228700   8.94931410 
   2.238500   8.73599075 
   2.248300   8.24541016 
   2.258100   7.53565647 
   2.267800   6.69593809 
   2.277600   5.79497873 
   2.287400   4.91958088 
   2.297200   4.12960981 
   2.306900   3.46725501 
   2.316700   2.93177624 
   2.326500   2.52541364 
   2.336300   2.23118012 
   2.346000   2.02856245 
   2.355800   1.89114290 
   2.365600   1.80185491 
   2.375400   1.74529580 
   2.385100   1.71055779 
   2.394900   1.68936653 
   2.404700   1.67724951 
   2.414500   1.67116845 
   2.424200   1.66930321 
   2.434000   1.67051761 
   2.443800   1.67410564 
   2.453600   1.67944768 
   2.463300   1.68583615 
   2.473100   1.69269788 
   2.482900   1.69921411 
   2.492700   1.70466823 
   2.502400   1.70847095 
   2.512200   1.71040063 
   2.522000   1.71040975 
   2.531800   1.70877101 
   2.541500   1.70595177 
   2.551300   1.70232554 
   2.561100   1.69819387 
   2.570900   1.69356748 
   2.580600   1.68822864 
   2.590400   1.68158004 
   2.600200   1.67311626 
   2.610000   1.66239574 
   2.619700   1.64939280 
   2.629500   1.63401966 
   2.639300   1.61692698 
   2.649100   1.59889811 
   2.658800   1.58099846 
   2.668600   1.56366633 
   2.678400   1.54769133 
   2.688200   1.53338436 
   2.697900   1.52087637 
   2.707700   1.50967935 
   2.717500   1.49955582 
   2.727300   1.49009810 
   2.737000   1.48105070 
   2.746800   1.47199516 
   2.756600   1.46291877 
   2.766400   1.45381978 
   2.776100   1.44485279 
   2.785900   1.43591768 
   2.795700   1.42718879 
   2.805500   1.41873936 
   2.815200   1.41073341 
   2.825000   1.40313448 
   2.834800   1.39624501 
   2.844600   1.39040886 
   2.854300   1.38615090 
   2.864100   1.38401056 
   2.873900   1.38477887 
   2.883700   1.38923070 
   2.893500   1.39807680 
   2.903200   1.41167497 
   2.913000   1.43051399 
   2.922800   1.45426024 
   2.932600   1.48218278 
   2.942300   1.51269159 
   2.952100   1.54468034 
   2.961900   1.57573760 
   2.971700   1.60358646 
   2.981400   1.62582593 
   2.991200   1.64104085 
   3.001000   1.64761328 
   3.010800   1.64486927 
   3.020500   1.63303992 
   3.030300   1.61262356 
   3.040100   1.58498735 
   3.049900   1.55176375 
   3.059600   1.51509038 
   3.069400   1.47585109 
   3.079200   1.43582124 
   3.089000   1.39609955 
   3.098700   1.35785681 
   3.108500   1.32082853 
   3.118300   1.28577516 
   3.128100   1.25297299 
   3.137800   1.22297355 
   3.147600   1.19541888 
   3.157400   1.17089376 
   3.167200   1.14962846 
   3.176900   1.13194568 
   3.186700   1.11753253 
   3.196500   1.10651621 
   3.206300   1.09869754 
   3.216000   1.09380240 
   3.225800   1.09133448 
   3.235600   1.09089891 
   3.245400   1.09200155 
   3.255100   1.09411218 
   3.264900   1.09678486 
   3.274700   1.09954076 
   3.284500   1.10197094 
   3.294200   1.10372311 
   3.304000   1.10457959 
   3.313800   1.10434979 
   3.323600   1.10294825 
   3.333300   1.10039179 
   3.343100   1.09666306 
   3.352900   1.09184953 
   3.362700   1.08603348 
   3.372400   1.07937457 
   3.382200   1.07182145 
   3.392000   1.06352538 
   3.401800   1.05457653 
   3.411500   1.04516983 
   3.421300   1.03521169 
   3.431100   1.02490264 
   3.440900   1.01435327 
   3.450600   1.00378887 
   3.460400   0.99311595 
   3.470200   0.98258334 
   3.480000   0.97235174 
   3.489700   0.96270042 
   3.499500   0.95362919 
   3.509300   0.94544616 
   3.519100   0.93834287 
   3.528800   0.93252590 
   3.538600   0.92796589 
   3.548400   0.92474024 
   3.558200   0.92276988 
   3.567900   0.92189322 
   3.577700   0.92185759 
   3.587500   0.92239546 
   3.597300   0.92321109 
   3.607000   0.92401899 
   3.616800   0.92460406 
   3.626600   0.92478562 
   3.636400   0.92446082 
   3.646100   0.92360407 
   3.655900   0.92221485 
   3.665700   0.92035602 
   3.675500   0.91810944 
   3.685200   0.91559754 
   3.695000   0.91287031 
   3.704800   0.91006115 
   3.714600   0.90728772 
   3.724300   0.90470557 
   3.734100   0.90240494 
   3.743900   0.90057046 
   3.753700   0.89936330 
   3.763400   0.89893501 
   3.773200   0.89939968 
   3.783000   0.90084246 
   3.792800   0.90327396 
   3.802500   0.90658711 
   3.812300   0.91069852 
   3.822100   0.91534481 
   3.831900   0.92022381 
   3.841600   0.92493844 
   3.851400   0.92921543 
   3.861200   0.93263403 
   3.871000   0.93485008 
   3.880700   0.93556709 
   3.890500   0.93456461 
   3.900300   0.93165864 
   3.910100   0.92675381 
   3.919800   0.91990974 
   3.929600   0.91103743 
   3.939400   0.90032269 
   3.949200   0.88796322 
   3.958900   0.87437209 
   3.968700   0.85959608 
   3.978500   0.84415051 
   3.988300   0.82845241 
   3.998000   0.81308783 
   4.007800   0.79815335 
   4.017600   0.78418601 
   4.027400   0.77149833 
   4.037100   0.76042559 
   4.046900   0.75087454 
   4.056700   0.74300891 
   4.066500   0.73678195 
   4.076200   0.73211274 
   4.086000   0.72872678 
   4.095800   0.72645984 
   4.105600   0.72506849 
   4.115300   0.72430529 
   4.125100   0.72390495 
   4.134900   0.72363560 
   4.144700   0.72326975 
   4.154400   0.72260849 
   4.164200   0.72145547 
   4.174000   0.71965929 
   4.183800   0.71709640 
   4.193500   0.71372025 
   4.203300   0.70941763 
   4.213100   0.70422028 
   4.222900   0.69817708 
   4.232600   0.69145668 
   4.242400   0.68405944 
   4.252200   0.67623022 
   4.262000   0.66818019 
   4.271700   0.66022460 
   4.281500   0.65244393 
   4.291300   0.64516810 
   4.301100   0.63863264 
   4.310900   0.63304739 
   4.320600   0.62862152 
   4.330400   0.62537831 
   4.340200   0.62341764 
   4.350000   0.62271033 
   4.359700   0.62313488 
   4.369500   0.62450916 
   4.379300   0.62657040 
   4.389100   0.62900003 
   4.398800   0.63142487 
   4.408600   0.63354616 
   4.418400   0.63501357 
   4.428200   0.63555660 
   4.437900   0.63499289 
   4.447700   0.63320686 
   4.457500   0.63018734 
   4.467300   0.62601226 
   4.477000   0.62089188 
   4.486800   0.61492645 
   4.496600   0.60840209 
   4.506400   0.60156277 
   4.516100   0.59470582 
   4.525900   0.58787970 
   4.535700   0.58129871 
   4.545500   0.57505299 
   4.555200   0.56923826 
   4.565000   0.56372712 
   4.574800   0.55853951 
   4.584600   0.55361222 
   4.594300   0.54892171 
   4.604100   0.54430421 
   4.613900   0.53975340 
   4.623700   0.53523062 
   4.633400   0.53076119 
   4.643200   0.52624775 
   4.653000   0.52174210 
   4.662800   0.51725501 
   4.672500   0.51284175 
   4.682300   0.50841539 
   4.692100   0.50401658 
   4.701900   0.49963011 
   4.711600   0.49527716 
   4.721400   0.49083965 
   4.731200   0.48633523 
   4.741000   0.48174578 
   4.750700   0.47711851 
   4.760500   0.47238161 
   4.770300   0.46763647 
   4.780100   0.46297019 
   4.789800   0.45854548 
   4.799600   0.45441373 
   4.809400   0.45078044 
   4.819200   0.44780526 
   4.828900   0.44565041 
   4.838700   0.44438401 
   4.848500   0.44410099 
   4.858300   0.44481431 
   4.868000   0.44645512 
   4.877800   0.44895195 
   4.887600   0.45213480 
   4.897400   0.45580624 
   4.907100   0.45970430 
   4.916900   0.46368366 
   4.926700   0.46748782 
   4.936500   0.47092436 
   4.946200   0.47380995 
   4.956000   0.47609012 
   4.965800   0.47766062 
   4.975600   0.47849070 
   4.985300   0.47858710 
   4.995100   0.47798199 
   5.004900   0.47671845 
   5.014700   0.47485290 
   5.024400   0.47247015 
   5.034200   0.46957427 
   5.044000   0.46623404 
   5.053800   0.46248946 
   5.063500   0.45841946 
   5.073300   0.45397408 
   5.083100   0.44923157 
   5.092900   0.44423882 
   5.102600   0.43910929 
   5.112400   0.43381194 
   5.122200   0.42849028 
   5.132000   0.42325026 
   5.141700   0.41825842 
   5.151500   0.41353201 
   5.161300   0.40924266 
   5.171100   0.40549969 
   5.180800   0.40242404 
   5.190600   0.40002236 
   5.200400   0.39837449 
   5.210200   0.39749731 
   5.219900   0.39737762 
   5.229700   0.39797712 
   5.239500   0.39924251 
   5.249300   0.40109686 
   5.259000   0.40342237 
   5.268800   0.40616505 
   5.278600   0.40919197 
   5.288400   0.41238541 
   5.298100   0.41558994 
   5.307900   0.41874680 
   5.317700   0.42169550 
   5.327500   0.42430958 
   5.337200   0.42644781 
   5.347000   0.42804256 
   5.356800   0.42897141 
   5.366600   0.42915758 
   5.376300   0.42856170 
   5.386100   0.42715413 
   5.395900   0.42495497 
   5.405700   0.42201911 
   5.415400   0.41847594 
   5.425200   0.41437154 
   5.435000   0.40988248 
   5.444800   0.40516574 
   5.454500   0.40043053 
   5.464300   0.39573195 
   5.474100   0.39125732 
   5.483900   0.38712275 
   5.493600   0.38345293 
   5.503400   0.38023256 
   5.513200   0.37753512 
   5.523000   0.37536883 
   5.532700   0.37373483 
   5.542500   0.37256920 
   5.552300   0.37184698 
   5.562100   0.37151239 
   5.571800   0.37149848 
   5.581600   0.37173061 
   5.591400   0.37212628 
   5.601200   0.37259210 
   5.610900   0.37302230 
   5.620700   0.37331812 
   5.630500   0.37336267 
   5.640300   0.37304480 
   5.650000   0.37227069 
   5.659800   0.37093373 
   5.669600   0.36896751 
   5.679400   0.36632587 
   5.689100   0.36303063 
   5.698900   0.35903131 
   5.708700   0.35441015 
   5.718500   0.34925172 
   5.728300   0.34366960 
   5.738000   0.33786148 
   5.747800   0.33185907 
   5.757600   0.32588155 
   5.767400   0.32008881 
   5.777100   0.31468544 
   5.786900   0.30969390 
   5.796700   0.30528483 
   5.806500   0.30154443 
   5.816200   0.29855617 
   5.826000   0.29628363 
   5.835800   0.29475569 
   5.845600   0.29393665 
   5.855300   0.29376180 
   5.865100   0.29414047 
   5.874900   0.29496948 
   5.884700   0.29612525 
   5.894400   0.29746008 
   5.904200   0.29886566 
   5.914000   0.30019513 
   5.923800   0.30132460 
   5.933500   0.30214027 
   5.943300   0.30257483 
   5.953100   0.30256037 
   5.962900   0.30206941 
   5.972600   0.30111790 
   5.982400   0.29971971 
   5.992200   0.29794269 
   6.002000   0.29586885 
   6.011700   0.29361903 
   6.021500   0.29125059 
   6.031300   0.28889079 
   6.041100   0.28663821 
   6.050800   0.28459923 
   6.060600   0.28280197 
   6.070400   0.28132108 
   6.080200   0.28018990 
   6.089900   0.27942885 
   6.099700   0.27901910 
   6.109500   0.27895103 
   6.119300   0.27919057 
   6.129000   0.27968405 
   6.138800   0.28038238 
   6.148600   0.28121062 
   6.158400   0.28208743 
   6.168100   0.28291488 
   6.177900   0.28361486 
   6.187700   0.28407995 
   6.197500   0.28421367 
   6.207200   0.28393241 
   6.217000   0.28315545 
   6.226800   0.28182705 
   6.236600   0.27991505 
   6.246300   0.27744352 
   6.256100   0.27438600 
   6.265900   0.27081796 
   6.275700   0.26681738 
   6.285400   0.26252734 
   6.295200   0.25796824 
   6.305000   0.25329664 
   6.314800   0.24862238 
   6.324500   0.24408961 
   6.334300   0.23968497 
   6.344100   0.23551528 
   6.353900   0.23161713 
   6.363600   0.22804044 
   6.373400   0.22470697 
   6.383200   0.22163594 
   6.393000   0.21879879 
   6.402700   0.21618901 
   6.412500   0.21372154 
   6.422300   0.21139756 
   6.432100   0.20919773 
   6.441800   0.20713193 
   6.451600   0.20515488 
   6.461400   0.20329259 
   6.471200   0.20155412 
   6.480900   0.19996688 
   6.490700   0.19851043 
   6.500500   0.19721333 
   6.510300   0.19608501 
   6.520000   0.19514137 
   6.529800   0.19436767 
   6.539600   0.19377739 
   6.549400   0.19337183 
   6.559100   0.19315234 
   6.568900   0.19311295 
   6.578700   0.19325333 
   6.588500   0.19356679 
   6.598200   0.19403656 
   6.608000   0.19465552 
   6.617800   0.19539580 
   6.627600   0.19622611 
   6.637300   0.19709898 
   6.647100   0.19798861 
   6.656900   0.19883850 
   6.666700   0.19960060 
   6.676400   0.20022458 
   6.686200   0.20068618 
   6.696000   0.20095155 
   6.705800   0.20100774 
   6.715500   0.20085968 
   6.725300   0.20052191 
   6.735100   0.20002660 
   6.744900   0.19941633 
   6.754600   0.19874739 
   6.764400   0.19805622 
   6.774200   0.19739620 
   6.784000   0.19680492 
   6.793700   0.19631112 
   6.803500   0.19591244 
   6.813300   0.19560473 
   6.823100   0.19536100 
   6.832800   0.19514134 
   6.842600   0.19488788 
   6.852400   0.19454196 
   6.862200   0.19404057 
   6.871900   0.19333239 
   6.881700   0.19235118 
   6.891500   0.19106274 
   6.901300   0.18944158 
   6.911000   0.18750060 
   6.920800   0.18520811 
   6.930600   0.18260761 
   6.940400   0.17974002 
   6.950100   0.17669230 
   6.959900   0.17346707 
   6.969700   0.17016958 
   6.979500   0.16688088 
   6.989200   0.16371753 
   6.999000   0.16069954 
   7.008800   0.15794503 
   7.018600   0.15553566 
   7.028300   0.15356556 
   7.038100   0.15206209 
   7.047900   0.15110648 
   7.057700   0.15074493 
   7.067400   0.15100269 
   7.077200   0.15189857 
   7.087000   0.15342673 
   7.096800   0.15555844 
   7.106500   0.15821118 
   7.116300   0.16136316 
   7.126100   0.16488859 
   7.135900   0.16866396 
   7.145700   0.17254681 
   7.155400   0.17634238 
   7.165200   0.17996636 
   7.175000   0.18321513 
   7.184800   0.18593300 
   7.194500   0.18796393 
   7.204300   0.18923638 
   7.214100   0.18964278 
   7.223900   0.18913669 
   7.233600   0.18773031 
   7.243400   0.18542708 
   7.253200   0.18230712 
   7.263000   0.17847390 
   7.272700   0.17410503 
   7.282500   0.16925772 
   7.292300   0.16413245 
   7.302100   0.15888810 
   7.311800   0.15372823 
   7.321600   0.14868115 
   7.331400   0.14391535 
   7.341200   0.13952055 
   7.350900   0.13559730 
   7.360700   0.13209948 
   7.370500   0.12907889 
   7.380300   0.12652127 
   7.390000   0.12441255 
   7.399800   0.12266097 
   7.409600   0.12123150 
   7.419400   0.12005981 
   7.429100   0.11908978 
   7.438900   0.11823949 
   7.448700   0.11746357 
   7.458500   0.11671455 
   7.468200   0.11596338 
   7.478000   0.11516938 
   7.487800   0.11432664 
   7.497600   0.11343322 
   7.507300   0.11250772 
   7.517100   0.11154921 
   7.526900   0.11059315 
   7.536700   0.10967143 
   7.546400   0.10882776 
   7.556200   0.10808103 
   7.566000   0.10747554 
   7.575800   0.10704251 
   7.585500   0.10680803 
   7.595300   0.10678314 
   7.605100   0.10697663 
   7.614900   0.10738166 
   7.624600   0.10797139 
   7.634400   0.10872539 
   7.644200   0.10959340 
   7.654000   0.11051973 
   7.663700   0.11143149 
   7.673500   0.11227960 
   7.683300   0.11298512 
   7.693100   0.11348184 
   7.702800   0.11371000 
   7.712600   0.11362676 
   7.722400   0.11319439 
   7.732200   0.11239520 
   7.741900   0.11124250 
   7.751700   0.10972892 
   7.761500   0.10789657 
   7.771300   0.10579070 
   7.781000   0.10349087 
   7.790800   0.10100990 
   7.800600   0.09843285 
   7.810400   0.09581967 
   7.820100   0.09325052 
   7.829900   0.09071711 
   7.839700   0.08828031 
   7.849500   0.08596244 
   7.859200   0.08379564 
   7.869000   0.08173484 
   7.878800   0.07979351 
   7.888600   0.07795515 
   7.898300   0.07621650 
   7.908100   0.07451936 
   7.917900   0.07286028 
   7.927700   0.07122047 
   7.937400   0.06960244 
   7.947200   0.06796443 
   7.957000   0.06632082 
   7.966800   0.06467548 
   7.976500   0.06305439 
   7.986300   0.06143781 
   7.996100   0.05985940 
   8.005900   0.05833763 
   8.015600   0.05690521 
   8.025400   0.05554929 
   8.035200   0.05429894 
   8.045000   0.05316400 
   8.054700   0.05215923 
   8.064500   0.05126380 
   8.074300   0.05048343 
   8.084100   0.04980813 
   8.093800   0.04922950 
   8.103600   0.04871895 
   8.113400   0.04826450 
   8.123200   0.04784757 
   8.132900   0.04745486 
   8.142700   0.04706365 
   8.152500   0.04666697 
   8.162300   0.04625817 
   8.172000   0.04583989 
   8.181800   0.04540658 
   8.191600   0.04497004 
   8.201400   0.04454147 
   8.211100   0.04413859 
   8.220900   0.04376782 
   8.230700   0.04344797 
   8.240500   0.04319174 
   8.250200   0.04301016 
   8.260000   0.04290477 
   8.269800   0.04287817 
   8.279600   0.04292540 
   8.289300   0.04303481 
   8.299100   0.04319386 
   8.308900   0.04338302 
   8.318700   0.04358095 
   8.328400   0.04376347 
   8.338200   0.04391247 
   8.348000   0.04400588 
   8.357800   0.04402697 
   8.367500   0.04396471 
   8.377300   0.04381117 
   8.387100   0.04356578 
   8.396900   0.04323380 
   8.406600   0.04283075 
   8.416400   0.04236419 
   8.426200   0.04185790 
   8.436000   0.04133456 
   8.445700   0.04082328 
   8.455500   0.04033703 
   8.465300   0.03990317 
   8.475100   0.03954074 
   8.484800   0.03926705 
   8.494600   0.03908652 
   8.504400   0.03900734 
   8.514200   0.03902904 
   8.523900   0.03914438 
   8.533700   0.03934568 
   8.543500   0.03961831 
   8.553300   0.03994555 
   8.563000   0.04030511 
   8.572800   0.04068544 
   8.582600   0.04106424 
   8.592400   0.04142409 
   8.602200   0.04174956 
   8.611900   0.04202525 
   8.621700   0.04224695 
   8.631500   0.04240453 
   8.641300   0.04249379 
   8.651000   0.04251320 
   8.660800   0.04246357 
   8.670600   0.04234628 
   8.680400   0.04216425 
   8.690100   0.04192360 
   8.699900   0.04162260 
   8.709700   0.04126621 
   8.719500   0.04085647 
   8.729200   0.04039950 
   8.739000   0.03988619 
   8.748800   0.03932059 
   8.758600   0.03870195 
   8.768300   0.03803664 
   8.778100   0.03731067 
   8.787900   0.03653125 
   8.797700   0.03570043 
   8.807400   0.03483119 
   8.817200   0.03391141 
   8.827000   0.03295788 
   8.836800   0.03198083 
   8.846500   0.03100268 
   8.856300   0.03001714 
   8.866100   0.02904954 
   8.875900   0.02811586 
   8.885600   0.02724085 
   8.895400   0.02642171 
   8.905200   0.02568181 
   8.915000   0.02503324 
   8.924700   0.02449059 
   8.934500   0.02404919 
   8.944300   0.02371846 
   8.954100   0.02349825 
   8.963800   0.02338565 
   8.973600   0.02337160 
   8.983400   0.02344813 
   8.993200   0.02360310 
   9.002900   0.02381995 
   9.012700   0.02408792 
   9.022500   0.02438908 
   9.032300   0.02470736 
   9.042000   0.02502404 
   9.051800   0.02533132 
   9.061600   0.02561295 
   9.071400   0.02585778 
   9.081100   0.02605492 
   9.090900   0.02620150 
   9.100700   0.02629042 
   9.110500   0.02631892 
   9.120200   0.02628690 
   9.130000   0.02619475 
   9.139800   0.02604518 
   9.149600   0.02584237 
   9.159300   0.02559459 
   9.169100   0.02530331 
   9.178900   0.02497850 
   9.188700   0.02462871 
   9.198400   0.02426703 
   9.208200   0.02389579 
   9.218000   0.02352897 
   9.227800   0.02317700 
   9.237500   0.02285340 
   9.247300   0.02256127 
   9.257100   0.02231305 
   9.266900   0.02211645 
   9.276600   0.02197853 
   9.286400   0.02190024 
   9.296200   0.02188464 
   9.306000   0.02193034 
   9.315700   0.02203171 
   9.325500   0.02218371 
   9.335300   0.02237571 
   9.345100   0.02259543 
   9.354800   0.02282631 
   9.364600   0.02305784 
   9.374400   0.02327178 
   9.384200   0.02345250 
   9.393900   0.02358440 
   9.403700   0.02365764 
   9.413500   0.02366047 
   9.423300   0.02358590 
   9.433000   0.02343238 
   9.442800   0.02319688 
   9.452600   0.02288433 
   9.462400   0.02250191 
   9.472100   0.02206463 
   9.481900   0.02157604 
   9.491700   0.02105487 
   9.501500   0.02051670 
   9.511200   0.01998293 
   9.521000   0.01945797 
   9.530800   0.01896187 
   9.540600   0.01850760 
   9.550300   0.01810991 
   9.560100   0.01776919 
   9.569900   0.01749604 
   9.579700   0.01729420 
   9.589400   0.01716597 
   9.599200   0.01710780 
   9.609000   0.01711851 
   9.618800   0.01719350 
   9.628500   0.01732509 
   9.638300   0.01750889 
   9.648100   0.01773579 
   9.657900   0.01799718 
   9.667600   0.01828104 
   9.677400   0.01858415 
   9.687200   0.01889463 
   9.697000   0.01920359 
   9.706700   0.01949960 
   9.716500   0.01978093 
   9.726300   0.02003729 
   9.736100   0.02026237 
   9.745800   0.02044914 
   9.755600   0.02059731 
   9.765400   0.02070171 
   9.775200   0.02076051 
   9.784900   0.02077313 
   9.794700   0.02074023 
   9.804500   0.02066274 
   9.814300   0.02054270 
   9.824000   0.02038448 
   9.833800   0.02018754 
   9.843600   0.01995606 
   9.853400   0.01969250 
   9.863100   0.01940196 
   9.872900   0.01907975 
   9.882700   0.01872930 
   9.892500   0.01835043 
   9.902200   0.01794660 
   9.912000   0.01750808 
   9.921800   0.01703714 
   9.931600   0.01653195 
   9.941300   0.01599661 
   9.951100   0.01541895 
   9.960900   0.01480394 
   9.970700   0.01415219 
   9.980400   0.01347267 
   9.990200   0.01275435 
  10.000000   0.01200836 
 