    0.0000E+00   4.21775E-02 1.0000
    9.7752E-03   1.11091E+03 0.0062
    1.9550E-02   5.09083E+01 0.0288
    2.9326E-02   5.83315E+01 0.0269
    3.9101E-02   7.41903E+01 0.0238
    4.8876E-02   1.16705E+02 0.0190
    5.8651E-02   1.87395E+02 0.0150
    6.8426E-02   1.71536E+02 0.0157
    7.8201E-02   1.66981E+02 0.0159
    8.7977E-02   1.56226E+02 0.0164
    9.7752E-02   1.71072E+02 0.0157
    1.0753E-01   1.33070E+02 0.0178
    1.1730E-01   1.27250E+02 0.0182
    1.2708E-01   1.12951E+02 0.0193
    1.3685E-01   1.05402E+02 0.0200
    1.4663E-01   9.94546E+01 0.0206
    1.5640E-01   8.68857E+01 0.0220
    1.6618E-01   7.57930E+01 0.0236
    1.7595E-01   7.44433E+01 0.0238
    1.8573E-01   6.69779E+01 0.0251
    1.9550E-01   6.67670E+01 0.0251
    2.0528E-01   6.87916E+01 0.0248
    2.1505E-01   5.58430E+01 0.0275
    2.2483E-01   5.18784E+01 0.0285
    2.3460E-01   5.20892E+01 0.0285
    2.4438E-01   4.87572E+01 0.0294
    2.5415E-01   4.44551E+01 0.0308
    2.6393E-01   4.33163E+01 0.0312
    2.7370E-01   4.01530E+01 0.0324
    2.8348E-01   3.50917E+01 0.0347
    2.9326E-01   3.44590E+01 0.0350
    3.0303E-01   3.08318E+01 0.0370
    3.1281E-01   3.08740E+01 0.0370
    3.2258E-01   2.77106E+01 0.0390
    3.3236E-01   2.65297E+01 0.0399
    3.4213E-01   2.56861E+01 0.0405
    3.5191E-01   2.60235E+01 0.0403
    3.6168E-01   2.32820E+01 0.0426
    3.7146E-01   2.21432E+01 0.0436
    3.8123E-01   2.01609E+01 0.0457
    3.9101E-01   2.25650E+01 0.0432
    4.0078E-01   2.13840E+01 0.0444
    4.1056E-01   1.96969E+01 0.0463
    4.2033E-01   2.55596E+01 0.0406
    4.3011E-01   2.06248E+01 0.0452
    4.3988E-01   1.98656E+01 0.0461
    4.4966E-01   2.24384E+01 0.0434
    4.5943E-01   1.77989E+01 0.0487
    4.6921E-01   1.75037E+01 0.0491
    4.7898E-01   7.93359E+01 0.0231
    4.8876E-01   1.55213E+01 0.0521
    4.9853E-01   1.51839E+01 0.0527
    5.0831E-01   1.42560E+01 0.0544
    5.1808E-01   2.29868E+01 0.0428
    5.2786E-01   1.34546E+01 0.0560
    5.3763E-01   1.35390E+01 0.0558
    5.4741E-01   1.16832E+01 0.0601
    5.5718E-01   1.29907E+01 0.0570
    5.6696E-01   1.18519E+01 0.0597
    5.7674E-01   1.10083E+01 0.0619
    5.8651E-01   1.19362E+01 0.0594
    5.9629E-01   1.16410E+01 0.0602
    6.0606E-01   1.25267E+01 0.0580
    6.1584E-01   1.16410E+01 0.0602
    6.2561E-01   1.19784E+01 0.0593
    6.3539E-01   1.24845E+01 0.0581
    6.4516E-01   1.03335E+01 0.0639
    6.5494E-01   1.01226E+01 0.0645
    6.6471E-01   9.78519E+00 0.0657
    6.7449E-01   8.94164E+00 0.0687
    6.8426E-01   9.40559E+00 0.0670
    6.9404E-01   9.61648E+00 0.0662
    7.0381E-01   8.60422E+00 0.0700
    7.1359E-01   7.92938E+00 0.0729
    7.2336E-01   8.30897E+00 0.0712
    7.3314E-01   8.01373E+00 0.0725
    7.4291E-01   9.36341E+00 0.0671
    7.5269E-01   1.00383E+01 0.0648
    7.6246E-01   8.51986E+00 0.0704
    7.7224E-01   7.84502E+00 0.0733
    7.8201E-01   8.77293E+00 0.0693
    7.9179E-01   8.39333E+00 0.0709
    8.0156E-01   8.14026E+00 0.0720
    8.1134E-01   8.14026E+00 0.0720
    8.2111E-01   7.33889E+00 0.0758
    8.3089E-01   7.76067E+00 0.0737
    8.4066E-01   7.67631E+00 0.0741
    8.5044E-01   1.45934E+01 0.0538
    8.6022E-01   7.33889E+00 0.0758
    8.6999E-01   8.77293E+00 0.0693
    8.7977E-01   7.84502E+00 0.0733
    8.8954E-01   7.12800E+00 0.0769
    8.9932E-01   6.95929E+00 0.0778
    9.0909E-01   7.29671E+00 0.0760
    9.1887E-01   7.17018E+00 0.0767
    9.2864E-01   6.95929E+00 0.0778
    9.3842E-01   5.44090E+00 0.0880
    9.4819E-01   6.32663E+00 0.0816
    9.5797E-01   6.03139E+00 0.0836
    9.6774E-01   5.77832E+00 0.0854
    9.7752E-01   5.48308E+00 0.0877
    9.8729E-01   6.28445E+00 0.0819
    9.9707E-01   5.23001E+00 0.0898
    1.0068E+00   5.60961E+00 0.0867
    1.0166E+00   1.87690E+01 0.0474
    1.0264E+00   6.07356E+00 0.0833
    1.0362E+00   5.23001E+00 0.0898
    1.0459E+00   5.86268E+00 0.0848
    1.0557E+00   5.69397E+00 0.0861
    1.0655E+00   5.52526E+00 0.0874
    1.0753E+00   5.01913E+00 0.0917
    1.0850E+00   5.52526E+00 0.0874
    1.0948E+00   5.39872E+00 0.0884
    1.1046E+00   5.52526E+00 0.0874
    1.1144E+00   5.31437E+00 0.0891
    1.1241E+00   6.15792E+00 0.0828
    1.1339E+00   5.90485E+00 0.0845
    1.1437E+00   5.90485E+00 0.0845
    1.1535E+00   4.47082E+00 0.0971
    1.1632E+00   5.44090E+00 0.0880
    1.1730E+00   4.72388E+00 0.0945
    1.1828E+00   4.89259E+00 0.0928
    1.1926E+00   6.11574E+00 0.0830
    1.2023E+00   4.51300E+00 0.0967
    1.2121E+00   9.82736E+00 0.0655
    1.2219E+00   5.18784E+00 0.0902
    1.2317E+00   5.10348E+00 0.0909
    1.2414E+00   5.56743E+00 0.0870
    1.2512E+00   5.10348E+00 0.0909
    1.2610E+00   4.38646E+00 0.0981
    1.2708E+00   5.14566E+00 0.0905
    1.2805E+00   5.52526E+00 0.0874
    1.2903E+00   5.18784E+00 0.0902
    1.3001E+00   4.93477E+00 0.0925
    1.3099E+00   4.47082E+00 0.0971
    1.3196E+00   4.80824E+00 0.0937
    1.3294E+00   5.10348E+00 0.0909
    1.3392E+00   4.25993E+00 0.0995
    1.3490E+00   5.35655E+00 0.0887
    1.3587E+00   5.23001E+00 0.0898
    1.3685E+00   5.10348E+00 0.0909
    1.3783E+00   4.97695E+00 0.0921
    1.3881E+00   4.30211E+00 0.0990
    1.3978E+00   4.85042E+00 0.0933
    1.4076E+00   5.31437E+00 0.0891
    1.4174E+00   5.23001E+00 0.0898
    1.4272E+00   4.30211E+00 0.0990
    1.4370E+00   4.17558E+00 0.1005
    1.4467E+00   4.42864E+00 0.0976
    1.4565E+00   5.01913E+00 0.0917
    1.4663E+00   4.68171E+00 0.0949
    1.4761E+00   5.48308E+00 0.0877
    1.4858E+00   4.76606E+00 0.0941
    1.4956E+00   4.68171E+00 0.0949
    1.5054E+00   3.75380E+00 0.1060
    1.5152E+00   4.80824E+00 0.0937
    1.5249E+00   4.85042E+00 0.0933
    1.5347E+00   4.42864E+00 0.0976
    1.5445E+00   3.71162E+00 0.1066
    1.5543E+00   4.51300E+00 0.0967
    1.5640E+00   4.13340E+00 0.1010
    1.5738E+00   3.96469E+00 0.1031
    1.5836E+00   3.71162E+00 0.1066
    1.5934E+00   5.01913E+00 0.0917
    1.6031E+00   4.00687E+00 0.1026
    1.6129E+00   4.09122E+00 0.1015
    1.6227E+00   3.92251E+00 0.1037
    1.6325E+00   4.47082E+00 0.0971
    1.6422E+00   4.85042E+00 0.0933
    1.6520E+00   4.63953E+00 0.0953
    1.6618E+00   3.96469E+00 0.1031
    1.6716E+00   4.00687E+00 0.1026
    1.6813E+00   4.55517E+00 0.0962
    1.6911E+00   4.80824E+00 0.0937
    1.7009E+00   4.76606E+00 0.0941
    1.7107E+00   4.17558E+00 0.1005
    1.7204E+00   1.46778E+01 0.0536
    1.7302E+00   4.25993E+00 0.0995
    1.7400E+00   4.51300E+00 0.0967
    1.7498E+00   3.96469E+00 0.1031
    1.7595E+00   4.38646E+00 0.0981
    1.7693E+00   4.76606E+00 0.0941
    1.7791E+00   4.68171E+00 0.0949
    1.7889E+00   4.30211E+00 0.0990
    1.7986E+00   4.30211E+00 0.0990
    1.8084E+00   4.38646E+00 0.0981
    1.8182E+00   5.23001E+00 0.0898
    1.8280E+00   4.25993E+00 0.0995
    1.8377E+00   4.17558E+00 0.1005
    1.8475E+00   4.63953E+00 0.0953
    1.8573E+00   4.04904E+00 0.1021
    1.8671E+00   3.88033E+00 0.1043
    1.8768E+00   4.59735E+00 0.0958
    1.8866E+00   4.13340E+00 0.1010
    1.8964E+00   4.04904E+00 0.1021
    1.9062E+00   4.93477E+00 0.0925
    1.9159E+00   4.17558E+00 0.1005
    1.9257E+00   4.30211E+00 0.0990
    1.9355E+00   5.18784E+00 0.0902
    1.9453E+00   4.59735E+00 0.0958
    1.9550E+00   3.71162E+00 0.1066
    1.9648E+00   4.34429E+00 0.0985
    1.9746E+00   4.68171E+00 0.0949
    1.9844E+00   5.48308E+00 0.0877
    1.9941E+00   3.58509E+00 0.1085
    2.0039E+00   3.33202E+00 0.1125
    2.0137E+00   3.28985E+00 0.1132
    2.0235E+00   3.16331E+00 0.1155
    2.0332E+00   3.20549E+00 0.1147
    2.0430E+00   2.40412E+00 0.1325
    2.0528E+00   2.57283E+00 0.1280
    2.0626E+00   2.36194E+00 0.1336
    2.0723E+00   2.06670E+00 0.1429
    2.0821E+00   2.48847E+00 0.1302
    2.0919E+00   2.23541E+00 0.1374
    2.1017E+00   2.31976E+00 0.1348
    2.1114E+00   1.85581E+00 0.1508
    2.1212E+00   2.48847E+00 0.1302
    2.1310E+00   2.36194E+00 0.1336
    2.1408E+00   2.31976E+00 0.1348
    2.1505E+00   2.44630E+00 0.1313
    2.1603E+00   2.40412E+00 0.1325
    2.1701E+00   2.36194E+00 0.1336
    2.1799E+00   2.40412E+00 0.1325
    2.1896E+00   2.48847E+00 0.1302
    2.1994E+00   2.69936E+00 0.1250
    2.2092E+00   1.98234E+00 0.1459
    2.2190E+00   8.35115E+00 0.0711
    2.2287E+00   7.70583E+01 0.0234
    2.2385E+00   1.94017E+00 0.1474
    2.2483E+00   2.19323E+00 0.1387
    2.2581E+00   1.77146E+00 0.1543
    2.2678E+00   1.43404E+00 0.1715
    2.2776E+00   1.89799E+00 0.1491
    2.2874E+00   2.40412E+00 0.1325
    2.2972E+00   1.68710E+00 0.1581
    2.3069E+00   2.36194E+00 0.1336
    2.3167E+00   1.85581E+00 0.1508
    2.3265E+00   1.72928E+00 0.1562
    2.3363E+00   1.77146E+00 0.1543
    2.3460E+00   1.85581E+00 0.1508
    2.3558E+00   1.34968E+00 0.1768
    2.3656E+00   1.39186E+00 0.1741
    2.3754E+00   1.85581E+00 0.1508
    2.3851E+00   1.77146E+00 0.1543
    2.3949E+00   1.89799E+00 0.1491
    2.4047E+00   1.43404E+00 0.1715
    2.4145E+00   1.26533E+00 0.1826
    2.4242E+00   2.02452E+00 0.1443
    2.4340E+00   1.72928E+00 0.1562
    2.4438E+00   1.77146E+00 0.1543
    2.4536E+00   1.39186E+00 0.1741
    2.4633E+00   1.34968E+00 0.1768
    2.4731E+00   2.06670E+00 0.1429
    2.4829E+00   1.43404E+00 0.1715
    2.4927E+00   1.56057E+00 0.1644
    2.5024E+00   2.10888E+00 0.1414
    2.5122E+00   1.89799E+00 0.1491
    2.5220E+00   2.10888E+00 0.1414
    2.5318E+00   1.81363E+00 0.1525
    2.5415E+00   1.18097E+00 0.1890
    2.5513E+00   1.51839E+00 0.1667
    2.5611E+00   1.89799E+00 0.1491
    2.5709E+00   1.30750E+00 0.1796
    2.5806E+00   1.56057E+00 0.1644
    2.5904E+00   1.94017E+00 0.1474
    2.6002E+00   1.94017E+00 0.1474
    2.6100E+00   1.85581E+00 0.1508
    2.6197E+00   1.89799E+00 0.1491
    2.6295E+00   1.51839E+00 0.1667
    2.6393E+00   1.56057E+00 0.1644
    2.6491E+00   1.60275E+00 0.1622
    2.6588E+00   1.77146E+00 0.1543
    2.6686E+00   1.30750E+00 0.1796
    2.6784E+00   1.30750E+00 0.1796
    2.6882E+00   1.09662E+00 0.1961
    2.6979E+00   1.68710E+00 0.1581
    2.7077E+00   1.81363E+00 0.1525
    2.7175E+00   1.81363E+00 0.1525
    2.7273E+00   1.13879E+00 0.1925
    2.7370E+00   1.68710E+00 0.1581
    2.7468E+00   1.26533E+00 0.1826
    2.7566E+00   1.64492E+00 0.1601
    2.7664E+00   1.22315E+00 0.1857
    2.7761E+00   1.68710E+00 0.1581
    2.7859E+00   1.26533E+00 0.1826
    2.7957E+00   1.26533E+00 0.1826
    2.8055E+00   1.68710E+00 0.1581
    2.8152E+00   1.13879E+00 0.1925
    2.8250E+00   1.85581E+00 0.1508
    2.8348E+00   1.05444E+00 0.2000
    2.8446E+00   1.39186E+00 0.1741
    2.8543E+00   1.56057E+00 0.1644
    2.8641E+00   1.34968E+00 0.1768
    2.8739E+00   1.22315E+00 0.1857
    2.8837E+00   1.34968E+00 0.1768
    2.8935E+00   1.39186E+00 0.1741
    2.9032E+00   1.43404E+00 0.1715
    2.9130E+00   1.05444E+00 0.2000
    2.9228E+00   1.47621E+00 0.1690
    2.9326E+00   1.18097E+00 0.1890
    2.9423E+00   1.09662E+00 0.1961
    2.9521E+00   1.43404E+00 0.1715
    2.9619E+00   2.19323E+00 0.1387
    2.9717E+00   1.05444E+00 0.2000
    2.9814E+00   2.53065E+00 0.1291
    2.9912E+00   1.47621E+00 0.1690
    3.0010E+00   9.27906E-01 0.2132
    3.0108E+00   4.00687E+00 0.1026
    3.0205E+00   1.43404E+00 0.1715
    3.0303E+00   1.47621E+00 0.1690
    3.0401E+00   2.02452E+00 0.1443
    3.0499E+00   9.70083E-01 0.2085
    3.0596E+00   1.39186E+00 0.1741
    3.0694E+00   1.47621E+00 0.1690
    3.0792E+00   9.27906E-01 0.2132
    3.0890E+00   1.47621E+00 0.1690
    3.0987E+00   1.72928E+00 0.1562
    3.1085E+00   1.34968E+00 0.1768
    3.1183E+00   1.26533E+00 0.1826
    3.1281E+00   1.39186E+00 0.1741
    3.1378E+00   1.34968E+00 0.1768
    3.1476E+00   7.59196E-01 0.2357
    3.1574E+00   1.05444E+00 0.2000
    3.1672E+00   1.09662E+00 0.1961
    3.1769E+00   1.05444E+00 0.2000
    3.1867E+00   9.27906E-01 0.2132
    3.1965E+00   1.05444E+00 0.2000
    3.2063E+00   9.27906E-01 0.2132
    3.2160E+00   1.64492E+00 0.1601
    3.2258E+00   1.01226E+00 0.2041
    3.2356E+00   6.74840E-01 0.2500
    3.2454E+00   1.18097E+00 0.1890
    3.2551E+00   1.13879E+00 0.1925
    3.2649E+00   6.32663E-01 0.2582
    3.2747E+00   1.43404E+00 0.1715
    3.2845E+00   1.26533E+00 0.1826
    3.2942E+00   1.09662E+00 0.1961
    3.3040E+00   1.13879E+00 0.1925
    3.3138E+00   1.26533E+00 0.1826
    3.3236E+00   1.13879E+00 0.1925
    3.3333E+00   1.01226E+00 0.2041
    3.3431E+00   1.30750E+00 0.1796
    3.3529E+00   5.06130E-01 0.2887
    3.3627E+00   1.26533E+00 0.1826
    3.3724E+00   1.26533E+00 0.1826
    3.3822E+00   8.85728E-01 0.2182
    3.3920E+00   1.60275E+00 0.1622
    3.4018E+00   9.27906E-01 0.2132
    3.4115E+00   1.01226E+00 0.2041
    3.4213E+00   1.05444E+00 0.2000
    3.4311E+00   8.85728E-01 0.2182
    3.4409E+00   6.74840E-01 0.2500
    3.4506E+00   1.22315E+00 0.1857
    3.4604E+00   9.70083E-01 0.2085
    3.4702E+00   1.39186E+00 0.1741
    3.4800E+00   8.01373E-01 0.2294
    3.4897E+00   1.13879E+00 0.1925
    3.4995E+00   5.48308E-01 0.2774
    3.5093E+00   1.05444E+00 0.2000
    3.5191E+00   8.43551E-01 0.2236
    3.5288E+00   1.09662E+00 0.1961
    3.5386E+00   8.01373E-01 0.2294
    3.5484E+00   9.70083E-01 0.2085
    3.5582E+00   7.17018E-01 0.2425
    3.5679E+00   7.17018E-01 0.2425
    3.5777E+00   9.27906E-01 0.2132
    3.5875E+00   9.27906E-01 0.2132
    3.5973E+00   1.09662E+00 0.1961
    3.6070E+00   1.09662E+00 0.1961
    3.6168E+00   9.27906E-01 0.2132
    3.6266E+00   1.01226E+00 0.2041
    3.6364E+00   8.43551E-01 0.2236
    3.6461E+00   8.85728E-01 0.2182
    3.6559E+00   8.85728E-01 0.2182
    3.6657E+00   7.17018E-01 0.2425
    3.6755E+00   1.18097E+00 0.1890
    3.6852E+00   8.43551E-01 0.2236
    3.6950E+00   1.22315E+00 0.1857
    3.7048E+00   6.74840E-01 0.2500
    3.7146E+00   7.59196E-01 0.2357
    3.7243E+00   8.85728E-01 0.2182
    3.7341E+00   9.27906E-01 0.2132
    3.7439E+00   1.22315E+00 0.1857
    3.7537E+00   8.43551E-01 0.2236
    3.7634E+00   6.74840E-01 0.2500
    3.7732E+00   1.09662E+00 0.1961
    3.7830E+00   6.74840E-01 0.2500
    3.7928E+00   8.43551E-01 0.2236
    3.8025E+00   7.17018E-01 0.2425
    3.8123E+00   1.01226E+00 0.2041
    3.8221E+00   7.59196E-01 0.2357
    3.8319E+00   1.09662E+00 0.1961
    3.8416E+00   8.85728E-01 0.2182
    3.8514E+00   1.13879E+00 0.1925
    3.8612E+00   8.43551E-01 0.2236
    3.8710E+00   6.32663E-01 0.2582
    3.8807E+00   1.43404E+00 0.1715
    3.8905E+00   8.85728E-01 0.2182
    3.9003E+00   1.09662E+00 0.1961
    3.9101E+00   1.05444E+00 0.2000
    3.9198E+00   7.59196E-01 0.2357
    3.9296E+00   8.85728E-01 0.2182
    3.9394E+00   8.01373E-01 0.2294
    3.9492E+00   9.27906E-01 0.2132
    3.9589E+00   1.18097E+00 0.1890
    3.9687E+00   8.01373E-01 0.2294
    3.9785E+00   9.70083E-01 0.2085
    3.9883E+00   1.22315E+00 0.1857
    3.9980E+00   6.74840E-01 0.2500
    4.0078E+00   5.48308E-01 0.2774
    4.0176E+00   3.37420E-01 0.3536
    4.0274E+00   7.17018E-01 0.2425
    4.0371E+00   9.27906E-01 0.2132
    4.0469E+00   6.74840E-01 0.2500
    4.0567E+00   6.32663E-01 0.2582
    4.0665E+00   8.85728E-01 0.2182
    4.0762E+00   7.17018E-01 0.2425
    4.0860E+00   8.01373E-01 0.2294
    4.0958E+00   5.06130E-01 0.2887
    4.1056E+00   7.17018E-01 0.2425
    4.1153E+00   6.32663E-01 0.2582
    4.1251E+00   7.17018E-01 0.2425
    4.1349E+00   8.43551E-01 0.2236
    4.1447E+00   7.17018E-01 0.2425
    4.1544E+00   8.85728E-01 0.2182
    4.1642E+00   8.01373E-01 0.2294
    4.1740E+00   5.06130E-01 0.2887
    4.1838E+00   6.74840E-01 0.2500
    4.1935E+00   8.43551E-01 0.2236
    4.2033E+00   5.06130E-01 0.2887
    4.2131E+00   8.85728E-01 0.2182
    4.2229E+00   9.70083E-01 0.2085
    4.2326E+00   8.43551E-01 0.2236
    4.2424E+00   5.06130E-01 0.2887
    4.2522E+00   6.32663E-01 0.2582
    4.2620E+00   7.59196E-01 0.2357
    4.2717E+00   4.63953E-01 0.3015
    4.2815E+00   5.48308E-01 0.2774
    4.2913E+00   6.74840E-01 0.2500
    4.3011E+00   7.17018E-01 0.2425
    4.3109E+00   7.17018E-01 0.2425
    4.3206E+00   5.48308E-01 0.2774
    4.3304E+00   7.17018E-01 0.2425
    4.3402E+00   7.59196E-01 0.2357
    4.3500E+00   2.95243E-01 0.3780
    4.3597E+00   3.79598E-01 0.3333
    4.3695E+00   2.95243E-01 0.3780
    4.3793E+00   6.74840E-01 0.2500
    4.3891E+00   7.59196E-01 0.2357
    4.3988E+00   8.43551E-01 0.2236
    4.4086E+00   5.90485E-01 0.2673
    4.4184E+00   8.85728E-01 0.2182
    4.4282E+00   6.74840E-01 0.2500
    4.4379E+00   6.32663E-01 0.2582
    4.4477E+00   5.06130E-01 0.2887
    4.4575E+00   7.59196E-01 0.2357
    4.4673E+00   8.43551E-01 0.2236
    4.4770E+00   5.06130E-01 0.2887
    4.4868E+00   8.01373E-01 0.2294
    4.4966E+00   5.06130E-01 0.2887
    4.5064E+00   5.48308E-01 0.2774
    4.5161E+00   6.32663E-01 0.2582
    4.5259E+00   4.21775E-01 0.3162
    4.5357E+00   5.90485E-01 0.2673
    4.5455E+00   4.63953E-01 0.3015
    4.5552E+00   5.90485E-01 0.2673
    4.5650E+00   4.21775E-01 0.3162
    4.5748E+00   6.32663E-01 0.2582
    4.5846E+00   7.59196E-01 0.2357
    4.5943E+00   5.06130E-01 0.2887
    4.6041E+00   5.48308E-01 0.2774
    4.6139E+00   6.74840E-01 0.2500
    4.6237E+00   4.63953E-01 0.3015
    4.6334E+00   4.63953E-01 0.3015
    4.6432E+00   5.06130E-01 0.2887
    4.6530E+00   3.79598E-01 0.3333
    4.6628E+00   6.32663E-01 0.2582
    4.6725E+00   4.63953E-01 0.3015
    4.6823E+00   5.48308E-01 0.2774
    4.6921E+00   7.17018E-01 0.2425
    4.7019E+00   4.21775E-01 0.3162
    4.7116E+00   3.79598E-01 0.3333
    4.7214E+00   5.06130E-01 0.2887
    4.7312E+00   2.95243E-01 0.3780
    4.7410E+00   5.90485E-01 0.2673
    4.7507E+00   4.21775E-01 0.3162
    4.7605E+00   6.74840E-01 0.2500
    4.7703E+00   3.79598E-01 0.3333
    4.7801E+00   5.90485E-01 0.2673
    4.7898E+00   4.63953E-01 0.3015
    4.7996E+00   6.32663E-01 0.2582
    4.8094E+00   3.37420E-01 0.3536
    4.8192E+00   3.37420E-01 0.3536
    4.8289E+00   3.37420E-01 0.3536
    4.8387E+00   4.21775E-01 0.3162
    4.8485E+00   4.21775E-01 0.3162
    4.8583E+00   4.21775E-01 0.3162
    4.8680E+00   2.53065E-01 0.4082
    4.8778E+00   2.95243E-01 0.3780
    4.8876E+00   2.95243E-01 0.3780
    4.8974E+00   5.90485E-01 0.2673
    4.9071E+00   8.43551E-01 0.2236
    4.9169E+00   4.63953E-01 0.3015
    4.9267E+00   2.53065E-01 0.4082
    4.9365E+00   5.48308E-01 0.2774
    4.9462E+00   6.32663E-01 0.2582
    4.9560E+00   2.95243E-01 0.3780
    4.9658E+00   7.59196E-01 0.2357
    4.9756E+00   3.79598E-01 0.3333
    4.9853E+00   5.48308E-01 0.2774
    4.9951E+00   4.21775E-01 0.3162
    5.0049E+00   6.32663E-01 0.2582
    5.0147E+00   4.21775E-01 0.3162
    5.0244E+00   2.10888E-01 0.4472
    5.0342E+00   5.48308E-01 0.2774
    5.0440E+00   5.90485E-01 0.2673
    5.0538E+00   6.74840E-01 0.2500
    5.0635E+00   2.53065E-01 0.4082
    5.0733E+00   5.06130E-01 0.2887
    5.0831E+00   3.37420E-01 0.3536
    5.0929E+00   5.48308E-01 0.2774
    5.1026E+00   1.68710E-01 0.5000
    5.1124E+00   7.59196E-01 0.2357
    5.1222E+00   6.32663E-01 0.2582
    5.1320E+00   4.21775E-01 0.3162
    5.1417E+00   2.95243E-01 0.3780
    5.1515E+00   1.68710E-01 0.5000
    5.1613E+00   5.90485E-01 0.2673
    5.1711E+00   3.79598E-01 0.3333
    5.1808E+00   3.37420E-01 0.3536
    5.1906E+00   2.95243E-01 0.3780
    5.2004E+00   3.37420E-01 0.3536
    5.2102E+00   2.53065E-01 0.4082
    5.2199E+00   3.79598E-01 0.3333
    5.2297E+00   5.90485E-01 0.2673
    5.2395E+00   3.79598E-01 0.3333
    5.2493E+00   5.48308E-01 0.2774
    5.2590E+00   2.95243E-01 0.3780
    5.2688E+00   2.10888E-01 0.4472
    5.2786E+00   2.53065E-01 0.4082
    5.2884E+00   6.32663E-01 0.2582
    5.2981E+00   5.06130E-01 0.2887
    5.3079E+00   3.79598E-01 0.3333
    5.3177E+00   4.21775E-01 0.3162
    5.3275E+00   3.37420E-01 0.3536
    5.3372E+00   4.63953E-01 0.3015
    5.3470E+00   5.90485E-01 0.2673
    5.3568E+00   2.53065E-01 0.4082
    5.3666E+00   4.21775E-01 0.3162
    5.3763E+00   6.32663E-01 0.2582
    5.3861E+00   3.79598E-01 0.3333
    5.3959E+00   3.37420E-01 0.3536
    5.4057E+00   5.48308E-01 0.2774
    5.4154E+00   7.59196E-01 0.2357
    5.4252E+00   5.48308E-01 0.2774
    5.4350E+00   3.79598E-01 0.3333
    5.4448E+00   2.95243E-01 0.3780
    5.4545E+00   8.43551E-02 0.7071
    5.4643E+00   4.63953E-01 0.3015
    5.4741E+00   3.37420E-01 0.3536
    5.4839E+00   2.95243E-01 0.3780
    5.4936E+00   3.79598E-01 0.3333
    5.5034E+00   3.79598E-01 0.3333
    5.5132E+00   3.79598E-01 0.3333
    5.5230E+00   4.21775E-01 0.3162
    5.5327E+00   3.37420E-01 0.3536
    5.5425E+00   5.06130E-01 0.2887
    5.5523E+00   2.53065E-01 0.4082
    5.5621E+00   4.63953E-01 0.3015
    5.5718E+00   3.79598E-01 0.3333
    5.5816E+00   8.43551E-02 0.7071
    5.5914E+00   5.48308E-01 0.2774
    5.6012E+00   2.95243E-01 0.3780
    5.6109E+00   2.95243E-01 0.3780
    5.6207E+00   4.63953E-01 0.3015
    5.6305E+00   2.95243E-01 0.3780
    5.6403E+00   4.21775E-01 0.3162
    5.6500E+00   4.63953E-01 0.3015
    5.6598E+00   3.37420E-01 0.3536
    5.6696E+00   5.06130E-01 0.2887
    5.6794E+00   3.79598E-01 0.3333
    5.6891E+00   3.79598E-01 0.3333
    5.6989E+00   3.37420E-01 0.3536
    5.7087E+00   5.06130E-01 0.2887
    5.7185E+00   3.79598E-01 0.3333
    5.7283E+00   2.95243E-01 0.3780
    5.7380E+00   4.63953E-01 0.3015
    5.7478E+00   3.79598E-01 0.3333
    5.7576E+00   2.53065E-01 0.4082
    5.7674E+00   2.95243E-01 0.3780
    5.7771E+00   8.43551E-02 0.7071
    5.7869E+00   2.95243E-01 0.3780
    5.7967E+00   2.53065E-01 0.4082
    5.8065E+00   3.79598E-01 0.3333
    5.8162E+00   2.95243E-01 0.3780
    5.8260E+00   3.37420E-01 0.3536
    5.8358E+00   1.68710E-01 0.5000
    5.8456E+00   1.68710E-01 0.5000
    5.8553E+00   2.10888E-01 0.4472
    5.8651E+00   5.48308E-01 0.2774
    5.8749E+00   2.10888E-01 0.4472
    5.8847E+00   8.43551E-02 0.7071
    5.8944E+00   5.48308E-01 0.2774
    5.9042E+00   2.95243E-01 0.3780
    5.9140E+00   4.21775E-02 1.0000
    5.9238E+00   2.10888E-01 0.4472
    5.9335E+00   5.48308E-01 0.2774
    5.9433E+00   2.10888E-01 0.4472
    5.9531E+00   5.06130E-01 0.2887
    5.9629E+00   4.63953E-01 0.3015
    5.9726E+00   3.37420E-01 0.3536
    5.9824E+00   2.95243E-01 0.3780
    5.9922E+00   3.37420E-01 0.3536
    6.0020E+00   2.95243E-01 0.3780
    6.0117E+00   2.95243E-01 0.3780
    6.0215E+00   1.26533E-01 0.5774
    6.0313E+00   3.37420E-01 0.3536
    6.0411E+00   1.68710E-01 0.5000
    6.0508E+00   4.21775E-01 0.3162
    6.0606E+00   2.10888E-01 0.4472
    6.0704E+00   8.43551E-02 0.7071
    6.0802E+00   2.53065E-01 0.4082
    6.0899E+00   2.53065E-01 0.4082
    6.0997E+00   3.37420E-01 0.3536
    6.1095E+00   4.63953E-01 0.3015
    6.1193E+00   2.95243E-01 0.3780
    6.1290E+00   4.63953E-01 0.3015
    6.1388E+00   1.26533E-01 0.5774
    6.1486E+00   1.26533E-01 0.5774
    6.1584E+00   4.21775E-02 1.0000
    6.1681E+00   3.79598E-01 0.3333
    6.1779E+00   2.10888E-01 0.4472
    6.1877E+00   5.90485E-01 0.2673
    6.1975E+00   1.68710E-01 0.5000
    6.2072E+00   1.68710E-01 0.5000
    6.2170E+00   3.37420E-01 0.3536
    6.2268E+00   3.37420E-01 0.3536
    6.2366E+00   3.37420E-01 0.3536
    6.2463E+00   3.37420E-01 0.3536
    6.2561E+00   5.90485E-01 0.2673
    6.2659E+00   3.37420E-01 0.3536
    6.2757E+00   2.53065E-01 0.4082
    6.2854E+00   2.10888E-01 0.4472
    6.2952E+00   2.10888E-01 0.4472
    6.3050E+00   1.26533E-01 0.5774
    6.3148E+00   2.53065E-01 0.4082
    6.3245E+00   3.37420E-01 0.3536
    6.3343E+00   8.43551E-02 0.7071
    6.3441E+00   1.26533E-01 0.5774
    6.3539E+00   1.26533E-01 0.5774
    6.3636E+00   2.10888E-01 0.4472
    6.3734E+00   2.53065E-01 0.4082
    6.3832E+00   2.10888E-01 0.4472
    6.3930E+00   2.53065E-01 0.4082
    6.4027E+00   4.63953E-01 0.3015
    6.4125E+00   1.68710E-01 0.5000
    6.4223E+00   3.37420E-01 0.3536
    6.4321E+00   1.26533E-01 0.5774
    6.4418E+00   8.43551E-02 0.7071
    6.4516E+00   2.10888E-01 0.4472
    6.4614E+00   2.10888E-01 0.4472
    6.4712E+00   1.26533E-01 0.5774
    6.4809E+00   2.53065E-01 0.4082
    6.4907E+00   1.26533E-01 0.5774
    6.5005E+00   2.53065E-01 0.4082
    6.5103E+00   1.68710E-01 0.5000
    6.5200E+00   4.21775E-02 1.0000
    6.5298E+00   2.10888E-01 0.4472
    6.5396E+00   3.37420E-01 0.3536
    6.5494E+00   2.53065E-01 0.4082
    6.5591E+00   1.68710E-01 0.5000
    6.5689E+00   2.53065E-01 0.4082
    6.5787E+00   4.21775E-02 1.0000
    6.5885E+00   2.53065E-01 0.4082
    6.5982E+00   8.43551E-02 0.7071
    6.6080E+00   2.53065E-01 0.4082
    6.6178E+00   2.10888E-01 0.4472
    6.6276E+00   1.68710E-01 0.5000
    6.6373E+00   2.53065E-01 0.4082
    6.6471E+00   1.26533E-01 0.5774
    6.6569E+00   8.43551E-02 0.7071
    6.6667E+00   1.26533E-01 0.5774
    6.6764E+00   1.68710E-01 0.5000
    6.6862E+00   2.10888E-01 0.4472
    6.6960E+00   2.10888E-01 0.4472
    6.7058E+00   7.17018E-01 0.2425
    6.7155E+00   1.68710E-01 0.5000
    6.7253E+00   1.26533E-01 0.5774
    6.7351E+00   1.68710E-01 0.5000
    6.7449E+00   2.95243E-01 0.3780
    6.7546E+00   1.68710E-01 0.5000
    6.7644E+00   1.68710E-01 0.5000
    6.7742E+00   1.68710E-01 0.5000
    6.7840E+00   8.43551E-02 0.7071
    6.7937E+00   8.43551E-02 0.7071
    6.8035E+00   1.68710E-01 0.5000
    6.8133E+00   1.26533E-01 0.5774
    6.8231E+00   1.68710E-01 0.5000
    6.8328E+00   2.10888E-01 0.4472
    6.8426E+00   3.37420E-01 0.3536
    6.8524E+00   1.26533E-01 0.5774
    6.8622E+00   2.95243E-01 0.3780
    6.8719E+00   2.53065E-01 0.4082
    6.8817E+00   2.10888E-01 0.4472
    6.8915E+00   2.53065E-01 0.4082
    6.9013E+00   2.10888E-01 0.4472
    6.9110E+00   2.10888E-01 0.4472
    6.9208E+00   1.26533E-01 0.5774
    6.9306E+00   1.26533E-01 0.5774
    6.9404E+00   2.95243E-01 0.3780
    6.9501E+00   1.68710E-01 0.5000
    6.9599E+00   2.10888E-01 0.4472
    6.9697E+00   2.10888E-01 0.4472
    6.9795E+00   8.43551E-02 0.7071
    6.9892E+00   1.26533E-01 0.5774
    6.9990E+00   1.68710E-01 0.5000
    7.0088E+00   2.53065E-01 0.4082
    7.0186E+00   4.21775E-02 1.0000
    7.0283E+00   1.26533E-01 0.5774
    7.0381E+00   1.26533E-01 0.5774
    7.0479E+00   1.68710E-01 0.5000
    7.0577E+00   1.26533E-01 0.5774
    7.0674E+00   4.21775E-02 1.0000
    7.0772E+00   8.43551E-02 0.7071
    7.0870E+00   2.10888E-01 0.4472
    7.0968E+00   2.10888E-01 0.4472
    7.1065E+00   8.43551E-02 0.7071
    7.1163E+00   4.21775E-02 1.0000
    7.1261E+00   1.26533E-01 0.5774
    7.1359E+00   2.10888E-01 0.4472
    7.1457E+00   8.43551E-02 0.7071
    7.1554E+00   2.53065E-01 0.4082
    7.1652E+00   8.43551E-02 0.7071
    7.1750E+00   0.00000E+00 0.0000
    7.1848E+00   2.53065E-01 0.4082
    7.1945E+00   8.43551E-02 0.7071
    7.2043E+00   1.68710E-01 0.5000
    7.2141E+00   1.68710E-01 0.5000
    7.2239E+00   1.56057E+00 0.1644
    7.2336E+00   8.43551E-02 0.7071
    7.2434E+00   8.43551E-02 0.7071
    7.2532E+00   1.68710E-01 0.5000
    7.2630E+00   0.00000E+00 0.0000
    7.2727E+00   4.21775E-02 1.0000
    7.2825E+00   1.68710E-01 0.5000
    7.2923E+00   1.26533E-01 0.5774
    7.3021E+00   2.53065E-01 0.4082
    7.3118E+00   1.68710E-01 0.5000
    7.3216E+00   0.00000E+00 0.0000
    7.3314E+00   8.43551E-02 0.7071
    7.3412E+00   8.43551E-02 0.7071
    7.3509E+00   2.10888E-01 0.4472
    7.3607E+00   4.21775E-02 1.0000
    7.3705E+00   8.43551E-02 0.7071
    7.3803E+00   4.21775E-02 1.0000
    7.3900E+00   1.26533E-01 0.5774
    7.3998E+00   1.26533E-01 0.5774
    7.4096E+00   4.21775E-02 1.0000
    7.4194E+00   2.95243E-01 0.3780
    7.4291E+00   1.68710E-01 0.5000
    7.4389E+00   0.00000E+00 0.0000
    7.4487E+00   8.43551E-02 0.7071
    7.4585E+00   1.26533E-01 0.5774
    7.4682E+00   2.10888E-01 0.4472
    7.4780E+00   2.10888E-01 0.4472
    7.4878E+00   8.43551E-02 0.7071
    7.4976E+00   1.26533E-01 0.5774
    7.5073E+00   4.21775E-02 1.0000
    7.5171E+00   1.68710E-01 0.5000
    7.5269E+00   4.21775E-02 1.0000
    7.5367E+00   8.43551E-02 0.7071
    7.5464E+00   8.43551E-02 0.7071
    7.5562E+00   1.68710E-01 0.5000
    7.5660E+00   1.26533E-01 0.5774
    7.5758E+00   1.68710E-01 0.5000
    7.5855E+00   4.21775E-02 1.0000
    7.5953E+00   1.26533E-01 0.5774
    7.6051E+00   8.43551E-02 0.7071
    7.6149E+00   0.00000E+00 0.0000
    7.6246E+00   4.21775E-02 1.0000
    7.6344E+00   1.68710E-01 0.5000
    7.6442E+00   8.43551E-02 0.7071
    7.6540E+00   8.43551E-02 0.7071
    7.6637E+00   0.00000E+00 0.0000
    7.6735E+00   8.43551E-02 0.7071
    7.6833E+00   1.68710E-01 0.5000
    7.6931E+00   8.43551E-02 0.7071
    7.7028E+00   2.10888E-01 0.4472
    7.7126E+00   0.00000E+00 0.0000
    7.7224E+00   0.00000E+00 0.0000
    7.7322E+00   9.27906E-01 0.2132
    7.7419E+00   4.21775E-02 1.0000
    7.7517E+00   4.21775E-02 1.0000
    7.7615E+00   8.43551E-02 0.7071
    7.7713E+00   8.43551E-02 0.7071
    7.7810E+00   4.21775E-02 1.0000
    7.7908E+00   0.00000E+00 0.0000
    7.8006E+00   4.21775E-02 1.0000
    7.8104E+00   2.10888E-01 0.4472
    7.8201E+00   4.21775E-02 1.0000
    7.8299E+00   4.21775E-02 1.0000
    7.8397E+00   4.21775E-02 1.0000
    7.8495E+00   8.43551E-02 0.7071
    7.8592E+00   4.21775E-02 1.0000
    7.8690E+00   4.21775E-02 1.0000
    7.8788E+00   1.26533E-01 0.5774
    7.8886E+00   8.43551E-02 0.7071
    7.8983E+00   4.21775E-02 1.0000
    7.9081E+00   4.21775E-02 1.0000
    7.9179E+00   2.53065E-01 0.4082
    7.9277E+00   4.21775E-02 1.0000
    7.9374E+00   1.26533E-01 0.5774
    7.9472E+00   4.21775E-02 1.0000
    7.9570E+00   4.21775E-02 1.0000
    7.9668E+00   1.26533E-01 0.5774
    7.9765E+00   0.00000E+00 0.0000
    7.9863E+00   0.00000E+00 0.0000
    7.9961E+00   8.43551E-02 0.7071
    8.0059E+00   8.43551E-02 0.7071
    8.0156E+00   8.43551E-02 0.7071
    8.0254E+00   0.00000E+00 0.0000
    8.0352E+00   4.21775E-02 1.0000
    8.0450E+00   8.43551E-02 0.7071
    8.0547E+00   4.21775E-02 1.0000
    8.0645E+00   0.00000E+00 0.0000
    8.0743E+00   4.21775E-02 1.0000
    8.0841E+00   4.21775E-02 1.0000
    8.0938E+00   0.00000E+00 0.0000
    8.1036E+00   8.43551E-02 0.7071
    8.1134E+00   0.00000E+00 0.0000
    8.1232E+00   4.21775E-02 1.0000
    8.1329E+00   0.00000E+00 0.0000
    8.1427E+00   8.43551E-02 0.7071
    8.1525E+00   1.26533E-01 0.5774
    8.1623E+00   1.68710E-01 0.5000
    8.1720E+00   4.21775E-02 1.0000
    8.1818E+00   0.00000E+00 0.0000
    8.1916E+00   4.21775E-02 1.0000
    8.2014E+00   4.21775E-02 1.0000
    8.2111E+00   4.21775E-02 1.0000
    8.2209E+00   8.43551E-02 0.7071
    8.2307E+00   0.00000E+00 0.0000
    8.2405E+00   0.00000E+00 0.0000
    8.2502E+00   4.21775E-02 1.0000
    8.2600E+00   0.00000E+00 0.0000
    8.2698E+00   0.00000E+00 0.0000
    8.2796E+00   4.21775E-02 1.0000
    8.2893E+00   4.21775E-02 1.0000
    8.2991E+00   0.00000E+00 0.0000
    8.3089E+00   8.43551E-02 0.7071
    8.3187E+00   8.43551E-02 0.7071
    8.3284E+00   4.21775E-02 1.0000
    8.3382E+00   4.21775E-02 1.0000
    8.3480E+00   4.21775E-02 1.0000
    8.3578E+00   0.00000E+00 0.0000
    8.3675E+00   1.26533E-01 0.5774
    8.3773E+00   0.00000E+00 0.0000
    8.3871E+00   1.26533E-01 0.5774
    8.3969E+00   4.21775E-02 1.0000
    8.4066E+00   1.26533E-01 0.5774
    8.4164E+00   4.21775E-02 1.0000
    8.4262E+00   4.21775E-02 1.0000
    8.4360E+00   0.00000E+00 0.0000
    8.4457E+00   4.21775E-02 1.0000
    8.4555E+00   0.00000E+00 0.0000
    8.4653E+00   4.21775E-02 1.0000
    8.4751E+00   0.00000E+00 0.0000
    8.4848E+00   4.21775E-02 1.0000
    8.4946E+00   0.00000E+00 0.0000
    8.5044E+00   0.00000E+00 0.0000
    8.5142E+00   8.43551E-02 0.7071
    8.5239E+00   0.00000E+00 0.0000
    8.5337E+00   4.21775E-02 1.0000
    8.5435E+00   0.00000E+00 0.0000
    8.5533E+00   4.21775E-02 1.0000
    8.5630E+00   8.43551E-02 0.7071
    8.5728E+00   8.43551E-02 0.7071
    8.5826E+00   4.21775E-02 1.0000
    8.5924E+00   0.00000E+00 0.0000
    8.6022E+00   8.43551E-02 0.7071
    8.6119E+00   4.21775E-02 1.0000
    8.6217E+00   4.21775E-02 1.0000
    8.6315E+00   4.21775E-02 1.0000
    8.6413E+00   4.21775E-02 1.0000
    8.6510E+00   8.43551E-02 0.7071
    8.6608E+00   4.21775E-02 1.0000
    8.6706E+00   0.00000E+00 0.0000
    8.6804E+00   1.26533E-01 0.5774
    8.6901E+00   0.00000E+00 0.0000
    8.6999E+00   4.21775E-02 1.0000
    8.7097E+00   0.00000E+00 0.0000
    8.7195E+00   4.21775E-02 1.0000
    8.7292E+00   4.21775E-02 1.0000
    8.7390E+00   0.00000E+00 0.0000
    8.7488E+00   1.26533E-01 0.5774
    8.7586E+00   0.00000E+00 0.0000
    8.7683E+00   4.21775E-02 1.0000
    8.7781E+00   4.21775E-02 1.0000
    8.7879E+00   8.43551E-02 0.7071
    8.7977E+00   0.00000E+00 0.0000
    8.8074E+00   0.00000E+00 0.0000
    8.8172E+00   8.43551E-02 0.7071
    8.8270E+00   0.00000E+00 0.0000
    8.8368E+00   1.26533E-01 0.5774
    8.8465E+00   4.21775E-02 1.0000
    8.8563E+00   4.21775E-02 1.0000
    8.8661E+00   0.00000E+00 0.0000
    8.8759E+00   0.00000E+00 0.0000
    8.8856E+00   0.00000E+00 0.0000
    8.8954E+00   4.21775E-02 1.0000
    8.9052E+00   0.00000E+00 0.0000
    8.9150E+00   0.00000E+00 0.0000
    8.9247E+00   4.21775E-02 1.0000
    8.9345E+00   0.00000E+00 0.0000
    8.9443E+00   4.21775E-02 1.0000
    8.9541E+00   0.00000E+00 0.0000
    8.9638E+00   0.00000E+00 0.0000
    8.9736E+00   4.21775E-02 1.0000
    8.9834E+00   0.00000E+00 0.0000
    8.9932E+00   0.00000E+00 0.0000
    9.0029E+00   0.00000E+00 0.0000
    9.0127E+00   4.21775E-02 1.0000
    9.0225E+00   0.00000E+00 0.0000
    9.0323E+00   4.21775E-02 1.0000
    9.0420E+00   8.43551E-02 0.7071
    9.0518E+00   0.00000E+00 0.0000
    9.0616E+00   8.43551E-02 0.7071
    9.0714E+00   0.00000E+00 0.0000
    9.0811E+00   0.00000E+00 0.0000
    9.0909E+00   8.43551E-02 0.7071
    9.1007E+00   0.00000E+00 0.0000
    9.1105E+00   4.21775E-02 1.0000
    9.1202E+00   0.00000E+00 0.0000
    9.1300E+00   4.21775E-02 1.0000
    9.1398E+00   4.21775E-02 1.0000
    9.1496E+00   0.00000E+00 0.0000
    9.1593E+00   4.21775E-02 1.0000
    9.1691E+00   4.21775E-02 1.0000
    9.1789E+00   0.00000E+00 0.0000
    9.1887E+00   0.00000E+00 0.0000
    9.1984E+00   4.21775E-02 1.0000
    9.2082E+00   0.00000E+00 0.0000
    9.2180E+00   1.26533E-01 0.5774
    9.2278E+00   0.00000E+00 0.0000
    9.2375E+00   0.00000E+00 0.0000
    9.2473E+00   0.00000E+00 0.0000
    9.2571E+00   4.21775E-02 1.0000
    9.2669E+00   4.21775E-02 1.0000
    9.2766E+00   0.00000E+00 0.0000
    9.2864E+00   0.00000E+00 0.0000
    9.2962E+00   4.21775E-02 1.0000
    9.3060E+00   0.00000E+00 0.0000
    9.3157E+00   0.00000E+00 0.0000
    9.3255E+00   0.00000E+00 0.0000
    9.3353E+00   0.00000E+00 0.0000
    9.3451E+00   0.00000E+00 0.0000
    9.3548E+00   0.00000E+00 0.0000
    9.3646E+00   4.21775E-02 1.0000
    9.3744E+00   4.21775E-02 1.0000
    9.3842E+00   4.21775E-02 1.0000
    9.3939E+00   4.21775E-02 1.0000
    9.4037E+00   0.00000E+00 0.0000
    9.4135E+00   4.21775E-02 1.0000
    9.4233E+00   8.43551E-02 0.7071
    9.4330E+00   4.21775E-02 1.0000
    9.4428E+00   4.21775E-02 1.0000
    9.4526E+00   0.00000E+00 0.0000
    9.4624E+00   8.43551E-02 0.7071
    9.4721E+00   0.00000E+00 0.0000
    9.4819E+00   0.00000E+00 0.0000
    9.4917E+00   4.21775E-02 1.0000
    9.5015E+00   0.00000E+00 0.0000
    9.5112E+00   0.00000E+00 0.0000
    9.5210E+00   4.21775E-02 1.0000
    9.5308E+00   0.00000E+00 0.0000
    9.5406E+00   0.00000E+00 0.0000
    9.5503E+00   0.00000E+00 0.0000
    9.5601E+00   0.00000E+00 0.0000
    9.5699E+00   0.00000E+00 0.0000
    9.5797E+00   0.00000E+00 0.0000
    9.5894E+00   0.00000E+00 0.0000
    9.5992E+00   8.43551E-02 0.7071
    9.6090E+00   0.00000E+00 0.0000
    9.6188E+00   0.00000E+00 0.0000
    9.6285E+00   4.21775E-02 1.0000
    9.6383E+00   4.21775E-02 1.0000
    9.6481E+00   0.00000E+00 0.0000
    9.6579E+00   0.00000E+00 0.0000
    9.6676E+00   0.00000E+00 0.0000
    9.6774E+00   4.21775E-02 1.0000
    9.6872E+00   0.00000E+00 0.0000
    9.6970E+00   0.00000E+00 0.0000
    9.7067E+00   0.00000E+00 0.0000
    9.7165E+00   4.21775E-02 1.0000
    9.7263E+00   4.21775E-02 1.0000
    9.7361E+00   4.21775E-02 1.0000
    9.7458E+00   0.00000E+00 0.0000
    9.7556E+00   0.00000E+00 0.0000
    9.7654E+00   0.00000E+00 0.0000
    9.7752E+00   8.43551E-02 0.7071
    9.7849E+00   8.43551E-02 0.7071
    9.7947E+00   0.00000E+00 0.0000
    9.8045E+00   0.00000E+00 0.0000
    9.8143E+00   4.21775E-02 1.0000
    9.8240E+00   0.00000E+00 0.0000
    9.8338E+00   0.00000E+00 0.0000
    9.8436E+00   4.21775E-02 1.0000
    9.8534E+00   4.21775E-02 1.0000
    9.8631E+00   0.00000E+00 0.0000
    9.8729E+00   0.00000E+00 0.0000
    9.8827E+00   0.00000E+00 0.0000
    9.8925E+00   4.21775E-02 1.0000
    9.9022E+00   0.00000E+00 0.0000
    9.9120E+00   0.00000E+00 0.0000
    9.9218E+00   4.21775E-02 1.0000
    9.9316E+00   0.00000E+00 0.0000
    9.9413E+00   0.00000E+00 0.0000
    9.9511E+00   8.43551E-02 0.7071
    9.9609E+00   0.00000E+00 0.0000
    9.9707E+00   0.00000E+00 0.0000
    9.9804E+00   4.21775E-02 1.0000
    9.9902E+00   4.21775E-02 1.0000
    1.0000E+01   4.21775E-02 1.0000