   0.000000   0.00000000 
   0.009775 4163.42074419 
   0.019550 226.43628367 
   0.029326 224.35222351 
   0.039101 270.89484925 
   0.048876 425.54790059 
   0.058651 641.60196999 
   0.068426 654.47967409 
   0.078201 632.91471631 
   0.087977 622.83059870 
   0.097752 592.27390486 
   0.107530 550.93463020 
   0.117300 512.50124700 
   0.127080 473.95824490 
   0.136850 430.76237697 
   0.146630 383.50239790 
   0.156400 337.26708413 
   0.166180 302.47479024 
   0.175950 280.41498091 
   0.185730 263.38328564 
   0.195500 247.68627584 
   0.205280 230.71786347 
   0.215050 210.02646221 
   0.224830 188.57163199 
   0.234600 170.63530664 
   0.244380 156.48556994 
   0.254150 144.76315158 
   0.263930 134.55673749 
   0.273700 125.40175923 
   0.283480 117.03529438 
   0.293260 109.37693561 
   0.303030 102.41012483 
   0.312810  96.19718052 
   0.322580  90.81008682 
   0.332360  86.10573689 
   0.342130  81.87594123 
   0.351910  78.06031504 
   0.361680  74.83438768 
   0.371460  72.44837539 
   0.381230  71.16292705 
   0.391010  71.24084827 
   0.400780  72.97300046 
   0.410560  76.63095917 
   0.420330  82.34692200 
   0.430110  90.00766999 
   0.439880  99.05137210 
   0.449660 108.34209864 
   0.459430 115.74590049 
   0.469210 117.96060271 
   0.478980 111.65265562 
   0.488760  96.30061435 
   0.498530  75.83482866 
   0.508310  56.24695490 
   0.518080  41.69465388 
   0.527860  32.70600887 
   0.537630  27.71301849 
   0.547410  24.97437400 
   0.557180  23.44564575 
   0.566960  22.61723666 
   0.576740  22.22668700 
   0.586510  22.09674853 
   0.596290  22.08472441 
   0.606060  22.06184820 
   0.615840  21.91035796 
   0.625610  21.54641886 
   0.635390  20.95288538 
   0.645160  20.19577151 
   0.654940  19.38715398 
   0.664710  18.62964953 
   0.674490  17.96904879 
   0.684260  17.40743252 
   0.694040  16.93318164 
   0.703810  16.54895155 
   0.713590  16.26166124 
   0.723360  16.06461256 
   0.733140  15.92351209 
   0.742910  15.78761506 
   0.752690  15.61239482 
   0.762460  15.38371368 
   0.772240  15.12446730 
   0.782010  14.88683784 
   0.791790  14.73055518 
   0.801560  14.70372556 
   0.811340  14.82415690 
   0.821110  15.06611265 
   0.830890  15.35643721 
   0.840660  15.58504004 
   0.850440  15.63870928 
   0.860220  15.44068020 
   0.869990  14.98271791 
   0.879770  14.32553925 
   0.889540  13.57709090 
   0.899320  12.84844228 
   0.909090  12.22579721 
   0.918870  11.75022015 
   0.928640  11.42854490 
   0.938420  11.24815337 
   0.948190  11.19836017 
   0.957970  11.27690981 
   0.967740  11.48336336 
   0.977520  11.80174003 
   0.987290  12.18137493 
   0.997070  12.53582542 
   1.006800  12.75820014 
   1.016600  12.76224535 
   1.026400  12.51013031 
   1.036200  12.03615465 
   1.045900  11.43723469 
   1.055700  10.81067244 
   1.065500  10.25446883 
   1.075300   9.81921073 
   1.085000   9.51432637 
   1.094800   9.31061346 
   1.104600   9.17698250 
   1.114400   9.08135045 
   1.124100   9.00281762 
   1.133900   8.92982976 
   1.143700   8.86210048 
   1.153500   8.80276661 
   1.163200   8.75512659 
   1.173000   8.71785142 
   1.182800   8.68740451 
   1.192600   8.65772464 
   1.202300   8.62412395 
   1.212100   8.58436980 
   1.221900   8.54159537 
   1.231700   8.50189426 
   1.241400   8.47244586 
   1.251200   8.45779803 
   1.261000   8.45990617 
   1.270800   8.47600989 
   1.280500   8.49910431 
   1.290300   8.52012127 
   1.300100   8.52795426 
   1.309900   8.51234183 
   1.319600   8.46632900 
   1.329400   8.38587856 
   1.339200   8.27386975 
   1.349000   8.13858919 
   1.358700   7.99397234 
   1.368500   7.85058745 
   1.378300   7.72139664 
   1.388100   7.61306022 
   1.397800   7.52725431 
   1.407600   7.45846581 
   1.417400   7.40165456 
   1.427200   7.35110965 
   1.437000   7.30314059 
   1.446700   7.25690995 
   1.456500   7.21186795 
   1.466300   7.16966167 
   1.476100   7.13160058 
   1.485800   7.09939110 
   1.495600   7.07417397 
   1.505400   7.05881808 
   1.515200   7.05645089 
   1.524900   7.07012219 
   1.534700   7.10282722 
   1.544500   7.15597434 
   1.554300   7.22914967 
   1.564000   7.31869210 
   1.573800   7.42146687 
   1.583600   7.52942562 
   1.593400   7.63370444 
   1.603100   7.72390745 
   1.612900   7.79302758 
   1.622700   7.83322338 
   1.632500   7.84108379 
   1.642200   7.81762475 
   1.652000   7.76655569 
   1.661800   7.69434443 
   1.671600   7.60746766 
   1.681300   7.51159489 
   1.691100   7.40654370 
   1.700900   7.29255796 
   1.710700   7.16788373 
   1.720400   7.03307574 
   1.730200   6.88677673 
   1.740000   6.73447749 
   1.749800   6.58229313 
   1.759500   6.43817663 
   1.769300   6.30445004 
   1.779100   6.18580169 
   1.788900   6.08307881 
   1.798600   5.99628095 
   1.808400   5.92212552 
   1.818200   5.86025377 
   1.828000   5.80994324 
   1.837700   5.77133707 
   1.847500   5.74352060 
   1.857300   5.72634272 
   1.867100   5.71826359 
   1.876800   5.71665267 
   1.886600   5.71800149 
   1.896400   5.71848954 
   1.906200   5.71461804 
   1.915900   5.70416176 
   1.925700   5.68624043 
   1.935500   5.66216350 
   1.945300   5.63479951 
   1.955000   5.60812099 
   1.964800   5.58498784 
   1.974600   5.56769781 
   1.984400   5.55598897 
   1.994100   5.54718005 
   2.003900   5.53636544 
   2.013700   5.51804037 
   2.023500   5.48726030 
   2.033200   5.44171421 
   2.043000   5.38059882 
   2.052800   5.30762095 
   2.062600   5.22871083 
   2.072300   5.15201858 
   2.082100   5.08340022 
   2.091900   5.03008951 
   2.101700   4.99666177 
   2.111400   4.98559268 
   2.121200   4.99721882 
   2.131000   5.03082119 
   2.140800   5.08429342 
   2.150500   5.15376510 
   2.160300   5.23660623 
   2.170100   5.32690079 
   2.179900   5.41809572 
   2.189600   5.50177633 
   2.199400   5.57169782 
   2.209200   5.61949574 
   2.219000   5.63947938 
   2.228700   5.62900313 
   2.238500   5.58823050 
   2.248300   5.52066445 
   2.258100   5.43229685 
   2.267800   5.33148771 
   2.277600   5.22343805 
   2.287400   5.11555680 
   2.297200   5.01278429 
   2.306900   4.91936532 
   2.316700   4.83530347 
   2.326500   4.76254816 
   2.336300   4.70141002 
   2.346000   4.65230220 
   2.355800   4.61397930 
   2.365600   4.58659852 
   2.375400   4.56954103 
   2.385100   4.56196671 
   2.394900   4.56259278 
   2.404700   4.57018358 
   2.414500   4.58322403 
   2.424200   4.59992337 
   2.434000   4.61896733 
   2.443800   4.63841805 
   2.453600   4.65629516 
   2.463300   4.67022592 
   2.473100   4.67799061 
   2.482900   4.67676977 
   2.492700   4.66409655 
   2.502400   4.63845221 
   2.512200   4.59850272 
   2.522000   4.54498596 
   2.531800   4.47988794 
   2.541500   4.40720602 
   2.551300   4.32938827 
   2.561100   4.25127597 
   2.570900   4.17653063 
   2.580600   4.10853951 
   2.590400   4.04745270 
   2.600200   3.99445010 
   2.610000   3.94909948 
   2.619700   3.91081958 
   2.629500   3.87773251 
   2.639300   3.84927888 
   2.649100   3.82470537 
   2.658800   3.80366975 
   2.668600   3.78528060 
   2.678400   3.76922334 
   2.688200   3.75471980 
   2.697900   3.74083914 
   2.707700   3.72597342 
   2.717500   3.70882128 
   2.727300   3.68805289 
   2.737000   3.66299968 
   2.746800   3.63280904 
   2.756600   3.59814401 
   2.766400   3.56023443 
   2.776100   3.52139051 
   2.785900   3.48312595 
   2.795700   3.44825173 
   2.805500   3.41889256 
   2.815200   3.39675774 
   2.825000   3.38211019 
   2.834800   3.37511110 
   2.844600   3.37494444 
   2.854300   3.38025112 
   2.864100   3.38971067 
   2.873900   3.40197575 
   2.883700   3.41605460 
   2.893500   3.43136039 
   2.903200   3.44748362 
   2.913000   3.46469967 
   2.922800   3.48274369 
   2.932600   3.50123801 
   2.942300   3.51918305 
   2.952100   3.53563658 
   2.961900   3.54864844 
   2.971700   3.55620372 
   2.981400   3.55635222 
   2.991200   3.54744583 
   3.001000   3.52837700 
   3.010800   3.49886575 
   3.020500   3.45991369 
   3.030300   3.41199561 
   3.040100   3.35727705 
   3.049900   3.29781810 
   3.059600   3.23628540 
   3.069400   3.17316191 
   3.079200   3.11045381 
   3.089000   3.04913801 
   3.098700   2.99044863 
   3.108500   2.93359769 
   3.118300   2.87953613 
   3.128100   2.82859967 
   3.137800   2.78162996 
   3.147600   2.73805828 
   3.157400   2.69876380 
   3.167200   2.66402698 
   3.176900   2.63425402 
   3.186700   2.60876223 
   3.196500   2.58761690 
   3.206300   2.57038193 
   3.216000   2.55662574 
   3.225800   2.54544752 
   3.235600   2.53637548 
   3.245400   2.52882134 
   3.255100   2.52233848 
   3.264900   2.51638995 
   3.274700   2.51075751 
   3.284500   2.50527463 
   3.294200   2.49994774 
   3.304000   2.49472217 
   3.313800   2.48978642 
   3.323600   2.48531339 
   3.333300   2.48150425 
   3.343100   2.47838730 
   3.352900   2.47600915 
   3.362700   2.47423594 
   3.372400   2.47279716 
   3.382200   2.47124158 
   3.392000   2.46905289 
   3.401800   2.46564284 
   3.411500   2.46049356 
   3.421300   2.45299164 
   3.431100   2.44279805 
   3.440900   2.42970985 
   3.450600   2.41391481 
   3.460400   2.39532678 
   3.470200   2.37456624 
   3.480000   2.35231684 
   3.489700   2.32966526 
   3.499500   2.30709437 
   3.509300   2.28581562 
   3.519100   2.26673292 
   3.528800   2.25072169 
   3.538600   2.23790892 
   3.548400   2.22860529 
   3.558200   2.22257916 
   3.567900   2.21927736 
   3.577700   2.21778125 
   3.587500   2.21709542 
   3.597300   2.21611226 
   3.607000   2.21381518 
   3.616800   2.20927761 
   3.626600   2.20186895 
   3.636400   2.19122637 
   3.646100   2.17743268 
   3.655900   2.16038488 
   3.665700   2.14060305 
   3.675500   2.11863745 
   3.685200   2.09538110 
   3.695000   2.07104110 
   3.704800   2.04654352 
   3.714600   2.02254588 
   3.724300   1.99986794 
   3.734100   1.97854511 
   3.743900   1.95922255 
   3.753700   1.94219168 
   3.763400   1.92776243 
   3.773200   1.91569740 
   3.783000   1.90611606 
   3.792800   1.89889116 
   3.802500   1.89387574 
   3.812300   1.89074730 
   3.822100   1.88934435 
   3.831900   1.88946784 
   3.841600   1.89094331 
   3.851400   1.89370588 
   3.861200   1.89770270 
   3.871000   1.90291859 
   3.880700   1.90925620 
   3.890500   1.91675710 
   3.900300   1.92515113 
   3.910100   1.93405551 
   3.919800   1.94279797 
   3.929600   1.95078039 
   3.939400   1.95696493 
   3.949200   1.96032013 
   3.958900   1.95986284 
   3.968700   1.95472032 
   3.978500   1.94425891 
   3.988300   1.92820501 
   3.998000   1.90692227 
   4.007800   1.88047246 
   4.017600   1.84988883 
   4.027400   1.81626017 
   4.037100   1.78117536 
   4.046900   1.74513739 
   4.056700   1.70964767 
   4.066500   1.67568359 
   4.076200   1.64431628 
   4.086000   1.61542688 
   4.095800   1.58966712 
   4.105600   1.56716381 
   4.115300   1.54807228 
   4.125100   1.53185867 
   4.134900   1.51850841 
   4.144700   1.50772958 
   4.154400   1.49925982 
   4.164200   1.49255400 
   4.174000   1.48731536 
   4.183800   1.48314262 
   4.193500   1.47967884 
   4.203300   1.47649444 
   4.213100   1.47331388 
   4.222900   1.46988548 
   4.232600   1.46607205 
   4.242400   1.46169284 
   4.252200   1.45675555 
   4.262000   1.45129711 
   4.271700   1.44546987 
   4.281500   1.43928099 
   4.291300   1.43293766 
   4.301100   1.42659238 
   4.310900   1.42038398 
   4.320600   1.41448156 
   4.330400   1.40883095 
   4.340200   1.40351156 
   4.350000   1.39848435 
   4.359700   1.39370312 
   4.369500   1.38892601 
   4.379300   1.38402083 
   4.389100   1.37878447 
   4.398800   1.37307663 
   4.408600   1.36660272 
   4.418400   1.35928787 
   4.428200   1.35107060 
   4.437900   1.34207165 
   4.447700   1.33222156 
   4.457500   1.32181822 
   4.467300   1.31115269 
   4.477000   1.30068255 
   4.486800   1.29057014 
   4.496600   1.28130036 
   4.506400   1.27320506 
   4.516100   1.26659582 
   4.525900   1.26147611 
   4.535700   1.25793184 
   4.545500   1.25583382 
   4.555200   1.25492398 
   4.565000   1.25481069 
   4.574800   1.25505010 
   4.584600   1.25513947 
   4.594300   1.25458603 
   4.604100   1.25292062 
   4.613900   1.24976259 
   4.623700   1.24483909 
   4.633400   1.23808482 
   4.643200   1.22934964 
   4.653000   1.21881089 
   4.662800   1.20669956 
   4.672500   1.19347766 
   4.682300   1.17925049 
   4.692100   1.16456013 
   4.701900   1.14981985 
   4.711600   1.13556371 
   4.721400   1.12184258 
   4.731200   1.10909847 
   4.741000   1.09756202 
   4.750700   1.08749674 
   4.760500   1.07880062 
   4.770300   1.07163502 
   4.780100   1.06599950 
   4.789800   1.06188323 
   4.799600   1.05911540 
   4.809400   1.05762210 
   4.819200   1.05724545 
   4.828900   1.05778730 
   4.838700   1.05904588 
   4.848500   1.06078486 
   4.858300   1.06275640 
   4.868000   1.06469069 
   4.877800   1.06638718 
   4.887600   1.06760351 
   4.897400   1.06815088 
   4.907100   1.06789242 
   4.916900   1.06673385 
   4.926700   1.06464507 
   4.936500   1.06166275 
   4.946200   1.05792979 
   4.956000   1.05352696 
   4.965800   1.04869566 
   4.975600   1.04367516 
   4.985300   1.03876722 
   4.995100   1.03411189 
   5.004900   1.02997196 
   5.014700   1.02650518 
   5.024400   1.02382163 
   5.034200   1.02186978 
   5.044000   1.02059916 
   5.053800   1.01984675 
   5.063500   1.01938712 
   5.073300   1.01893878 
   5.083100   1.01821496 
   5.092900   1.01693309 
   5.102600   1.01487338 
   5.112400   1.01180756 
   5.122200   1.00763806 
   5.132000   1.00233051 
   5.141700   0.99599922 
   5.151500   0.98862560 
   5.161300   0.98043795 
   5.171100   0.97164478 
   5.180800   0.96257332 
   5.190600   0.95327748 
   5.200400   0.94409205 
   5.210200   0.93525216 
   5.219900   0.92706124 
   5.229700   0.91955519 
   5.239500   0.91300821 
   5.249300   0.90758108 
   5.259000   0.90343686 
   5.268800   0.90057246 
   5.278600   0.89906454 
   5.288400   0.89887304 
   5.298100   0.89986585 
   5.307900   0.90186910 
   5.317700   0.90460620 
   5.327500   0.90774004 
   5.337200   0.91085804 
   5.347000   0.91362898 
   5.356800   0.91563567 
   5.366600   0.91654112 
   5.376300   0.91609784 
   5.386100   0.91413847 
   5.395900   0.91061415 
   5.405700   0.90559491 
   5.415400   0.89932800 
   5.425200   0.89194564 
   5.435000   0.88382998 
   5.444800   0.87533474 
   5.454500   0.86689826 
   5.464300   0.85866689 
   5.474100   0.85099896 
   5.483900   0.84409693 
   5.493600   0.83814221 
   5.503400   0.83305657 
   5.513200   0.82887391 
   5.523000   0.82549152 
   5.532700   0.82277151 
   5.542500   0.82044789 
   5.552300   0.81830506 
   5.562100   0.81607619 
   5.571800   0.81351918 
   5.581600   0.81032454 
   5.591400   0.80628619 
   5.601200   0.80121900 
   5.610900   0.79506660 
   5.620700   0.78764666 
   5.630500   0.77903739 
   5.640300   0.76933869 
   5.650000   0.75883822 
   5.659800   0.74755979 
   5.669600   0.73590406 
   5.679400   0.72420695 
   5.689100   0.71294001 
   5.698900   0.70223151 
   5.708700   0.69255334 
   5.718500   0.68423482 
   5.728300   0.67756903 
   5.738000   0.67284090 
   5.747800   0.67014239 
   5.757600   0.66965934 
   5.767400   0.67144596 
   5.777100   0.67542326 
   5.786900   0.68155929 
   5.796700   0.68961589 
   5.806500   0.69928851 
   5.816200   0.71006374 
   5.826000   0.72168709 
   5.835800   0.73350604 
   5.845600   0.74493166 
   5.855300   0.75526463 
   5.865100   0.76414734 
   5.874900   0.77095248 
   5.884700   0.77526091 
   5.894400   0.77677696 
   5.904200   0.77538104 
   5.914000   0.77104144 
   5.923800   0.76390344 
   5.933500   0.75435256 
   5.943300   0.74256690 
   5.953100   0.72908005 
   5.962900   0.71437198 
   5.972600   0.69907871 
   5.982400   0.68332146 
   5.992200   0.66763460 
   6.002000   0.65232086 
   6.011700   0.63774584 
   6.021500   0.62374514 
   6.031300   0.61053683 
   6.041100   0.59812599 
   6.050800   0.58658988 
   6.060600   0.57562664 
   6.070400   0.56528267 
   6.080200   0.55548161 
   6.089900   0.54624829 
   6.099700   0.53733742 
   6.109500   0.52880539 
   6.119300   0.52062463 
   6.129000   0.51285753 
   6.138800   0.50533730 
   6.148600   0.49814677 
   6.158400   0.49129440 
   6.168100   0.48486141 
   6.177900   0.47874217 
   6.187700   0.47304537 
   6.197500   0.46782766 
   6.207200   0.46320823 
   6.217000   0.45918380 
   6.226800   0.45591332 
   6.236600   0.45351552 
   6.246300   0.45211974 
   6.256100   0.45180698 
   6.265900   0.45268429 
   6.275700   0.45480075 
   6.285400   0.45811219 
   6.295200   0.46261816 
   6.305000   0.46814668 
   6.314800   0.47447412 
   6.324500   0.48122808 
   6.334300   0.48818061 
   6.344100   0.49483996 
   6.353900   0.50074959 
   6.363600   0.50540650 
   6.373400   0.50847042 
   6.383200   0.50949825 
   6.393000   0.50818094 
   6.402700   0.50436364 
   6.412500   0.49787687 
   6.422300   0.48877821 
   6.432100   0.47722086 
   6.441800   0.46361937 
   6.451600   0.44804703 
   6.461400   0.43105888 
   6.471200   0.41312228 
   6.480900   0.39490672 
   6.490700   0.37650027 
   6.500500   0.35852006 
   6.510300   0.34134141 
   6.520000   0.32542839 
   6.529800   0.31068186 
   6.539600   0.29742558 
   6.549400   0.28573864 
   6.559100   0.27572776 
   6.568900   0.26714077 
   6.578700   0.25999622 
   6.588500   0.25416647 
   6.598200   0.24954269 
   6.608000   0.24586710 
   6.617800   0.24302568 
   6.627600   0.24085522 
   6.637300   0.23921738 
   6.647100   0.23794091 
   6.656900   0.23692347 
   6.666700   0.23606182 
   6.676400   0.23527907 
   6.686200   0.23449212 
   6.696000   0.23365744 
   6.705800   0.23273684 
   6.715500   0.23171484 
   6.725300   0.23055326 
   6.735100   0.22925248 
   6.744900   0.22780950 
   6.754600   0.22624396 
   6.764400   0.22453181 
   6.774200   0.22270229 
   6.784000   0.22077489 
   6.793700   0.21879534 
   6.803500   0.21675283 
   6.813300   0.21470197 
   6.823100   0.21267998 
   6.832800   0.21074412 
   6.842600   0.20888991 
   6.852400   0.20716848 
   6.862200   0.20560283 
   6.871900   0.20421909 
   6.881700   0.20298937 
   6.891500   0.20191643 
   6.901300   0.20097482 
   6.911000   0.20013536 
   6.920800   0.19933360 
   6.930600   0.19852372 
   6.940400   0.19764669 
   6.950100   0.19665382 
   6.959900   0.19546804 
   6.969700   0.19404749 
   6.979500   0.19234929 
   6.989200   0.19036318 
   6.999000   0.18802792 
   7.008800   0.18535463 
   7.018600   0.18234857 
   7.028300   0.17906311 
   7.038100   0.17546009 
   7.047900   0.17161236 
   7.057700   0.16756963 
   7.067400   0.16343215 
   7.077200   0.15917650 
   7.087000   0.15491021 
   7.096800   0.15069959 
   7.106500   0.14665038 
   7.116300   0.14273973 
   7.126100   0.13906559 
   7.135900   0.13567608 
   7.145700   0.13261057 
   7.155400   0.12992462 
   7.165200   0.12758235 
   7.175000   0.12562287 
   7.184800   0.12404603 
   7.194500   0.12285306 
   7.204300   0.12200235 
   7.214100   0.12148417 
   7.223900   0.12126913 
   7.233600   0.12132196 
   7.243400   0.12160792 
   7.253200   0.12209028 
   7.263000   0.12273141 
   7.272700   0.12348640 
   7.282500   0.12433648 
   7.292300   0.12524268 
   7.302100   0.12617681 
   7.311800   0.12710529 
   7.321600   0.12802777 
   7.331400   0.12891957 
   7.341200   0.12977003 
   7.350900   0.13056470 
   7.360700   0.13131704 
   7.370500   0.13201856 
   7.380300   0.13267120 
   7.390000   0.13327202 
   7.399800   0.13383656 
   7.409600   0.13436074 
   7.419400   0.13484532 
   7.429100   0.13528443 
   7.438900   0.13568284 
   7.448700   0.13602844 
   7.458500   0.13631081 
   7.468200   0.13651493 
   7.478000   0.13662938 
   7.487800   0.13663406 
   7.497600   0.13651039 
   7.507300   0.13624343 
   7.517100   0.13581041 
   7.526900   0.13519828 
   7.536700   0.13439548 
   7.546400   0.13340628 
   7.556200   0.13220882 
   7.566000   0.13081685 
   7.575800   0.12924131 
   7.585500   0.12751783 
   7.595300   0.12563328 
   7.605100   0.12363166 
   7.614900   0.12154303 
   7.624600   0.11942082 
   7.634400   0.11725180 
   7.644200   0.11508604 
   7.654000   0.11294793 
   7.663700   0.11087758 
   7.673500   0.10884522 
   7.683300   0.10687914 
   7.693100   0.10498008 
   7.702800   0.10316217 
   7.712600   0.10138003 
   7.722400   0.09964278 
   7.732200   0.09794034 
   7.741900   0.09628124 
   7.751700   0.09462604 
   7.761500   0.09299102 
   7.771300   0.09138020 
   7.781000   0.08981862 
   7.790800   0.08828776 
   7.800600   0.08682139 
   7.810400   0.08543944 
   7.820100   0.08417510 
   7.829900   0.08302214 
   7.839700   0.08201189 
   7.849500   0.08115844 
   7.859200   0.08047748 
   7.869000   0.07995933 
   7.878800   0.07961106 
   7.888600   0.07942692 
   7.898300   0.07939639 
   7.908100   0.07950554 
   7.917900   0.07973972 
   7.927700   0.08008196 
   7.937400   0.08051028 
   7.947200   0.08101712 
   7.957000   0.08158317 
   7.966800   0.08219453 
   7.976500   0.08283209 
   7.986300   0.08349775 
   7.996100   0.08417435 
   8.005900   0.08485101 
   8.015600   0.08550937 
   8.025400   0.08614995 
   8.035200   0.08675077 
   8.045000   0.08729458 
   8.054700   0.08775777 
   8.064500   0.08812925 
   8.074300   0.08838235 
   8.084100   0.08849609 
   8.093800   0.08845274 
   8.103600   0.08823588 
   8.113400   0.08783443 
   8.123200   0.08724394 
   8.132900   0.08647617 
   8.142700   0.08552605 
   8.152500   0.08441949 
   8.162300   0.08318310 
   8.172000   0.08186425 
   8.181800   0.08047408 
   8.191600   0.07906789 
   8.201400   0.07768916 
   8.211100   0.07639330 
   8.220900   0.07519268 
   8.230700   0.07413529 
   8.240500   0.07324833 
   8.250200   0.07255679 
   8.260000   0.07205598 
   8.269800   0.07175415 
   8.279600   0.07164199 
   8.289300   0.07170001 
   8.299100   0.07190383 
   8.308900   0.07222154 
   8.318700   0.07261622 
   8.328400   0.07304343 
   8.338200   0.07347107 
   8.348000   0.07385396 
   8.357800   0.07415322 
   8.367500   0.07433222 
   8.377300   0.07436397 
   8.387100   0.07422059 
   8.396900   0.07388300 
   8.406600   0.07334557 
   8.416400   0.07259204 
   8.426200   0.07162878 
   8.436000   0.07046457 
   8.445700   0.06912939 
   8.455500   0.06761671 
   8.465300   0.06596560 
   8.475100   0.06420639 
   8.484800   0.06239130 
   8.494600   0.06051756 
   8.504400   0.05863893 
   8.514200   0.05678986 
   8.523900   0.05502047 
   8.533700   0.05332312 
   8.543500   0.05174129 
   8.553300   0.05029491 
   8.563000   0.04901094 
   8.572800   0.04787179 
   8.582600   0.04689488 
   8.592400   0.04607842 
   8.602200   0.04541587 
   8.611900   0.04490132 
   8.621700   0.04451056 
   8.631500   0.04423354 
   8.641300   0.04405265 
   8.651000   0.04395030 
   8.660800   0.04390617 
   8.670600   0.04390382 
   8.680400   0.04392638 
   8.690100   0.04395791 
   8.699900   0.04398502 
   8.709700   0.04399482 
   8.719500   0.04397628 
   8.729200   0.04392081 
   8.739000   0.04381947 
   8.748800   0.04366629 
   8.758600   0.04345648 
   8.768300   0.04318980 
   8.778100   0.04285895 
   8.787900   0.04246601 
   8.797700   0.04201210 
   8.807400   0.04150517 
   8.817200   0.04093848 
   8.827000   0.04032180 
   8.836800   0.03966091 
   8.846500   0.03896961 
   8.856300   0.03824058 
   8.866100   0.03748803 
   8.875900   0.03671928 
   8.885600   0.03594952 
   8.895400   0.03516976 
   8.905200   0.03439456 
   8.915000   0.03363019 
   8.924700   0.03289009 
   8.934500   0.03216455 
   8.944300   0.03146657 
   8.954100   0.03080117 
   8.963800   0.03017931 
   8.973600   0.02959257 
   8.983400   0.02905160 
   8.993200   0.02855991 
   9.002900   0.02812456 
   9.012700   0.02773851 
   9.022500   0.02740746 
   9.032300   0.02713113 
   9.042000   0.02690999 
   9.051800   0.02673669 
   9.061600   0.02660972 
   9.071400   0.02652404 
   9.081100   0.02647420 
   9.090900   0.02645305 
   9.100700   0.02645517 
   9.110500   0.02647495 
   9.120200   0.02650732 
   9.130000   0.02654961 
   9.139800   0.02659976 
   9.149600   0.02665777 
   9.159300   0.02672468 
   9.169100   0.02680527 
   9.178900   0.02690373 
   9.188700   0.02702590 
   9.198400   0.02717641 
   9.208200   0.02736465 
   9.218000   0.02759506 
   9.227800   0.02787243 
   9.237500   0.02819646 
   9.247300   0.02857541 
   9.257100   0.02900587 
   9.266900   0.02948557 
   9.276600   0.03000485 
   9.286400   0.03056881 
   9.296200   0.03116545 
   9.306000   0.03178708 
   9.315700   0.03241908 
   9.325500   0.03306656 
   9.335300   0.03371552 
   9.345100   0.03435919 
   9.354800   0.03498537 
   9.364600   0.03560227 
   9.374400   0.03619969 
   9.384200   0.03677491 
   9.393900   0.03732050 
   9.403700   0.03784633 
   9.413500   0.03834549 
   9.423300   0.03881682 
   9.433000   0.03925455 
   9.442800   0.03966587 
   9.452600   0.04004369 
   9.462400   0.04038499 
   9.472100   0.04068333 
   9.481900   0.04094091 
   9.491700   0.04115019 
   9.501500   0.04130692 
   9.511200   0.04140635 
   9.521000   0.04144701 
   9.530800   0.04142469 
   9.540600   0.04133738 
   9.550300   0.04118592 
   9.560100   0.04096712 
   9.569900   0.04068313 
   9.579700   0.04033580 
   9.589400   0.03993226 
   9.599200   0.03946754 
   9.609000   0.03894943 
   9.618800   0.03838239 
   9.628500   0.03777774 
   9.638300   0.03712826 
   9.648100   0.03644568 
   9.657900   0.03573619 
   9.667600   0.03501403 
   9.677400   0.03427159 
   9.687200   0.03352420 
   9.697000   0.03278049 
   9.706700   0.03205700 
   9.716500   0.03134837 
   9.726300   0.03067198 
   9.736100   0.03003757 
   9.745800   0.02946008 
   9.755600   0.02893590 
   9.765400   0.02847833 
   9.775200   0.02809264 
   9.784900   0.02778469 
   9.794700   0.02754865 
   9.804500   0.02738583 
   9.814300   0.02729100 
   9.824000   0.02725603 
   9.833800   0.02726922 
   9.843600   0.02731753 
   9.853400   0.02738503 
   9.863100   0.02745340 
   9.872900   0.02750539 
   9.882700   0.02752102 
   9.892500   0.02748127 
   9.902200   0.02736972 
   9.912000   0.02716794 
   9.921800   0.02686276 
   9.931600   0.02644329 
   9.941300   0.02590820 
   9.951100   0.02524280 
   9.960900   0.02445224 
   9.970700   0.02354073 
   9.980400   0.02252730 
   9.990200   0.02140245 
  10.000000   0.02019060 
 