0.014620769
0.024751411
0.034882771
0.045014848
0.055147642
0.065281154
0.075415382
0.085550328
0.095685992
0.105822372
0.11595947
0.126097285
0.136235817
0.146375067
0.156515034
0.166655718
0.176797119
0.186939237
0.197082073
0.207225626
0.217369897
0.227514884
0.237660589
0.247807011
0.257954151
0.268102007
0.278250581
0.288399872
0.298549881
0.308700607
0.31885205
0.32900421
0.339157087
0.349310682
0.359464994
0.369620023
0.37977577
0.389932233
0.400089414
0.410247313
0.420405928
0.430565261
0.440725311
0.450886078
0.461047563
0.471209765
0.481372684
0.49153632
0.501700674
0.511865745
0.522031533
0.532198038
0.542365261
0.552533201
0.562701858
0.572871233
0.583041324
0.593212133
0.603383659
0.613555903
0.623728864
0.633902542
0.644076937
0.654252049
0.664427879
0.674604426
0.684781691
0.694959672
0.705138371
0.715317787
0.72549792
0.735678771
0.745860339
0.756042624
0.766225626
0.776409346
0.786593783
0.796778937
0.806964808
0.817151397
0.827338703
0.837526726
0.847715466
0.857904924
0.868095099
0.878285991
0.888477601
0.898669928
0.908862972
0.919056733
0.929251211
0.939446407
0.94964232
0.959838951
0.970036298
0.980234363
0.990433145
1.000632644
1.010832861
1.021033795
1.031235446
1.041437814
1.0516409
1.061844703
1.072049223
1.08225446
1.092460415
1.102667087
1.112874476
1.123082583
1.133291406
1.143500947
1.153711206
1.163922181
1.174133874
1.184346284
1.194559411
1.204773256
1.214987817
1.225203096
1.235419093
1.245635806
1.255853237
1.266071385
1.276290251
1.286509833
1.296730133
1.30695115
1.317172885
1.327395336
1.337618505
1.347842391
1.358066995
1.368292315
1.378518353
1.388745109
1.398972581
1.409200771
1.419429678
1.429659302
1.439889643
1.450120702
1.460352478
1.470584971
1.480818182
1.49105211
1.501286755
1.511522117
1.521758197
1.531994994
1.542232508
1.552470739
1.562709688
1.572949354
1.583189737
1.593430837
1.603672655
1.61391519
1.624158442
1.634402411
1.644647098
1.654892502
1.665138623
1.675385462
1.685633017
1.69588129
1.706130281
1.716379988
1.726630413
1.736881555
1.747133414
1.757385991
1.767639284
1.777893296
1.788148024
1.798403469
1.808659632
1.818916512
1.82917411
1.839432424
1.849691456
1.859951205
1.870211672
1.880472855
1.890734756
1.900997375
1.91126071
1.921524763
1.931789533
1.94205502
1.952321224
1.962588146
1.972855785
1.983124141
1.993393215
2.003663006
2.013933514
2.024204739
2.034476682
2.044749341
2.055022718
2.065296813
2.075571624
2.085847153
2.096123399
2.106400363
2.116678043
2.126956441
2.137235556
2.147515389
2.157795938
2.168077205
2.17835919
2.188641891
2.19892531
2.209209446
2.219494299
2.229779869
2.240066157
2.250353162
2.260640884
2.270929324
2.281218481
2.291508355
2.301798946
2.312090255
2.32238228
2.332675024
2.342968484
2.353262662
2.363557556
2.373853168
2.384149498
2.394446545
2.404744308
2.41504279
2.425341988
2.435641904
2.445942537
2.456243887
2.466545954
2.476848739
2.487152241
2.49745646
2.507761397
2.51806705
2.528373421
2.53868051
2.548988315
2.559296838
2.569606078
2.579916035
2.59022671
2.600538102
2.610850211
2.621163037
2.631476581
2.641790842
2.65210582
2.662421515
2.672737928
2.683055058
2.693372905
2.703691469
2.714010751
2.72433075
2.734651466
2.7449729
2.75529505
2.765617918
2.775941504
2.786265806
2.796590826
2.806916563
2.817243017
2.827570189
2.837898078
2.848226684
2.858556007
2.868886048
2.879216805
2.889548281
2.899880473
2.910213383
2.920547009
2.930881354
2.941216415
2.951552194
2.96188869
2.972225903
2.982563833
2.992902481
3.003241846
3.013581928
3.023922727
3.034264244
3.044606478
3.054949429
3.065293098
3.075637484
3.085982587
3.096328407
3.106674945
3.117022199
3.127370171
3.137718861
3.148068267
3.158418391
3.168769232
3.179120791
3.189473066
3.199826059
3.210179769
3.220534197
3.230889341
3.241245203
3.251601783
3.261959079
3.272317093
3.282675824
3.293035272
3.303395437
3.31375632
3.32411792
3.334480237
3.344843272
3.355207024
3.365571493
3.375936679
3.386302583
3.396669203
3.407036542
3.417404597
3.427773369
3.438142859
3.448513066
3.458883991
3.469255632
3.479627991
3.490001067
3.500374861
3.510749372
3.5211246
3.531500545
3.541877207
3.552254587
3.562632684
3.573011498
3.58339103
3.593771278
3.604152244
3.614533928
3.624916328
3.635299446
3.645683281
3.656067833
3.666453103
3.67683909
3.687225794
3.697613215
3.708001354
3.71839021
3.728779783
3.739170073
3.749561081
3.759952806
3.770345248
3.780738407
3.791132284
3.801526878
3.811922189
3.822318218
3.832714963
3.843112426
3.853510606
3.863909504
3.874309119
3.884709451
3.8951105
3.905512267
3.91591475
3.926317951
3.93672187
3.947126505
3.957531858
3.967937928
3.978344716
3.98875222
3.999160442
4.009569381
4.019979038
4.030389411
4.040800502
4.05121231
4.061624836
4.072038078
4.082452038
4.092866716
4.10328211
4.113698222
4.124115051
4.134532597
4.144950861
4.155369841
4.165789539
4.176209955
4.186631087
4.197052937
4.207475504
4.217898788
4.22832279
4.238747509
4.249172945
4.259599098
4.270025969
4.280453557
4.290881862
4.301310884
4.311740624
4.322171081
4.332602255
4.343034147
4.353466755
4.363900081
4.374334124
4.384768885
4.395204363
4.405640558
4.41607747
4.426515099
4.436953446
4.44739251
4.457832292
4.46827279
4.478714006
4.489155939
4.499598589
4.510041957
4.520486042
4.530930844
4.541376363
4.5518226
4.562269554
4.572717225
4.583165613
4.593614719
4.604064542
4.614515082
4.62496634
4.635418314
4.645871006
4.656324416
4.666778542
4.677233386
4.687688947
4.698145225
4.708602221
4.719059933
4.729518363
4.739977511
4.750437375
4.760897957
4.771359256
4.781821273
4.792284006
4.802747457
4.813211625
4.82367651
4.834142113
4.844608433
4.85507547
4.865543225
4.876011696
4.886480885
4.896950791
4.907421415
4.917892756
4.928364814
4.938837589
4.949311081
4.959785291
4.970260218
4.980735862
4.991212224
5.001689303
5.012167099
5.022645612
5.033124843
5.04360479
5.054085456
5.064566838
5.075048938
5.085531754
5.096015289
5.10649954
5.116984509
5.127470194
5.137956598
5.148443718
5.158931556
5.169420111
5.179909383
5.190399372
5.200890079
5.211381503
5.221873644
5.232366503
5.242860079
5.253354372
5.263849382
5.274345109
5.284841554
5.295338716
5.305836596
5.316335192
5.326834506
5.337334537
5.347835286
5.358336751
5.368838934
5.379341834
5.389845452
5.400349786
5.410854838
5.421360607
5.431867094
5.442374297
5.452882218
5.463390857
5.473900212
5.484410285
5.494921075
5.505432582
5.515944807
5.526457748
5.536971407
5.547485784
5.558000877
5.568516688
5.579033216
5.589550461
5.600068424
5.610587104
5.621106501
5.631626615
5.642147447
5.652668996
5.663191262
5.673714245
5.684237946
5.694762364
5.705287499
5.715813352
5.726339921
5.736867208
5.747395213
5.757923934
5.768453373
5.778983529
5.789514402
5.800045993
5.8105783
5.821111325
5.831645068
5.842179527
5.852714704
5.863250598
5.873787209
5.884324538
5.894862584
5.905401347
5.915940827
5.926481025
5.93702194
5.947563572
5.958105922
5.968648988
5.979192772
5.989737273
6.000282492
6.010828428
6.02137508
6.031922451
6.042470538
6.053019343
6.063568865
6.074119104
6.084670061
6.095221735
6.105774126
6.116327234
6.126881059
6.137435602
6.147990862
6.15854684
6.169103534
6.179660946
6.190219075
6.200777922
6.211337485
6.221897766
6.232458764
6.24302048
6.253582913
6.264146063
6.27470993
6.285274514
6.295839816
6.306405835
6.316972571
6.327540025
6.338108195
6.348677083
6.359246689
6.369817011
6.380388051
6.390959808
6.401532282
6.412105474
6.422679383
6.433254009
6.443829352
6.454405413
6.464982191
6.475559686
6.486137898
6.496716828
6.507296475
6.517876839
6.52845792
6.539039719
6.549622235
6.560205468
6.570789419
6.581374087
6.591959472
6.602545574
6.613132393
6.62371993
6.634308184
6.644897155
6.655486844
6.66607725
6.676668373
6.687260213
6.697852771
6.708446046
6.719040038
6.729634747
6.740230174
6.750826318
6.761423179
6.772020757
6.782619053
6.793218066
6.803817796
6.814418243
6.825019408
6.83562129
6.846223889
6.856827206
6.867431239
6.87803599
6.888641459
6.899247644
6.909854547
6.920462167
6.931070504
6.941679559
6.952289331
6.96289982
6.973511026
6.98412295
6.99473559
7.005348949
7.015963024
7.026577817
7.037193326
7.047809554
7.058426498
7.06904416
7.079662539
7.090281635
7.100901448
7.111521979
7.122143227
7.132765192
7.143387875
7.154011274
7.164635391
7.175260226
7.185885777
7.196512046
7.207139032
7.217766735
7.228395156
7.239024294
7.249654149
7.260284721
7.270916011
7.281548018
7.292180742
7.302814183
7.313448342
7.324083218
7.334718811
7.345355121
7.355992149
7.366629894
7.377268356
7.387907536
7.398547432
7.409188046
7.419829378
7.430471426
7.441114192
7.451757675
7.462401875
7.473046793
7.483692427
7.494338779
7.504985849
7.515633635
7.526282139
7.53693136
7.547581299
7.558231954
7.568883327
7.579535417
7.590188225
7.600841749
7.611495991
7.62215095
7.632806627
7.64346302
7.654120131
7.66477796
7.675436505
7.686095768
7.696755748
7.707416445
7.71807786
7.728739991
7.73940284
7.750066407
7.76073069
7.771395691
7.782061409
7.792727844
7.803394997
7.814062867
7.824731454
7.835400758
7.84607078
7.856741519
7.867412975
7.878085148
7.888758039
7.899431647
7.910105972
7.920781014
7.931456774
7.942133251
7.952810445
7.963488357
7.974166986
7.984846332
7.995526395
8.006207175
8.016888673
8.027570888
8.03825382
8.04893747
8.059621837
8.070306921
8.080992722
8.091679241
8.102366477
8.11305443
8.1237431
8.134432488
8.145122593
8.155813415
8.166504954
8.177197211
8.187890185
8.198583876
8.209278284
8.21997341
8.230669253
8.241365813
8.252063091
8.262761086
8.273459798
8.284159227
8.294859373
8.305560237
8.316261818
8.326964116
8.337667132
8.348370865
8.359075315
8.369780482
8.380486367
8.391192969
8.401900288
8.412608324
8.423317078
8.434026549
8.444736737
8.455447642
8.466159265
8.476871605
8.487584662
8.498298437
8.509012928
8.519728137
8.530444063
8.541160707
8.551878068
8.562596146
8.573314941
8.584034454
8.594754683
8.60547563
8.616197295
8.626919676
8.637642775
8.648366591
8.659091125
8.669816375
8.680542343
8.691269028
8.70199643
8.71272455
8.723453387
8.734182941
8.744913213
8.755644201
8.766375907
8.77710833
8.787841471
8.798575329
8.809309904
8.820045196
8.830781205
8.841517932
8.852255376
8.862993537
8.873732416
8.884472012
8.895212325
8.905953355
8.916695103
8.927437568
8.93818075
8.948924649
8.959669266
8.9704146
8.981160651
8.991907419
9.002654905
9.013403108
9.024152028
9.034901665
9.04565202
9.056403092
9.067154881
9.077907388
9.088660611
9.099414552
9.110169211
9.120924586
9.131680679
9.142437489
9.153195016
9.163953261
9.174712222
9.185471902
9.196232298
9.206993411
9.217755242
9.22851779
9.239281056
9.250045038
9.260809738
9.271575155
9.28234129
9.293108141
9.30387571
9.314643997
9.325413
9.336182721
9.346953159
9.357724314
9.368496186
9.379268776
9.390042083
9.400816107
9.411590849
9.422366308
9.433142484
9.443919377
9.454696988
9.465475315
9.47625436
9.487034123
9.497814602
9.508595799
9.519377713
9.530160345
9.540943693
9.551727759
9.562512542
9.573298043
9.584084261
9.594871195
9.605658848
9.616447217
9.627236304
9.638026108
9.648816629
9.659607867
9.670399823
9.681192496
9.691985887
9.702779994
9.713574819
9.724370361
9.73516662
9.745963597
9.756761291
9.767559702
9.77835883
9.789158676
9.799959238
9.810760519
9.821562516
9.832365231
9.843168662
9.853972812
9.864777678
9.875583262
9.886389563
9.897196581
9.908004316
9.918812769
9.929621939
9.940431826
9.951242431
9.962053753
9.972865792
9.983678548
9.994492021
10.00530621
10.01612112
10.02693675
10.03775309
10.04857015
10.05938793
10.07020642
10.08102563
10.09184556
10.10266621
10.11348757
10.12430965
10.13513245
10.14595596
10.1567802
10.16760515
10.17843081
10.1892572
10.2000843
10.21091212
10.22174065
10.23256991
10.24339988
10.25423056
10.26506197
10.27589409
10.28672693
10.29756049
10.30839476
10.31922975
10.33006546
10.34090189
10.35173903
10.36257689
10.37341547
10.38425476
10.39509478
10.40593551
10.41677695
10.42761912
10.438462
10.4493056
10.46014991
10.47099494
10.48184069
10.49268716
10.50353435
10.51438225
10.52523087
10.5360802
10.54693026
10.55778103
10.56863252
10.57948472
10.59033765
10.60119129
10.61204564
10.62290072
10.63375651
10.64461302
10.65547024
10.66632819
10.67718685
10.68804623
10.69890632
10.70976714
10.72062867
10.73149091
10.74235388
10.75321756



