1	3482
2	3600
3	149003
4	380597
5	524032
6	548300
7	758876
8	889887
9	882827
10	905262
11	946069
12	833736
13	761521
14	711652
15	719328
16	740602
17	655997
18	582023
19	526318
20	484991
21	448103
22	409351
23	378204
24	351104
25	331401
26	319645
27	308158
28	283865
29	257946
30	241530
31	226182
32	211270
33	197362
34	184640
35	170593
36	161511
37	156019
38	152918
39	150547
40	147504
41	146414
42	142541
43	138930
44	135894
45	145468
46	175843
47	231378
48	301082
49	354983
50	355250
51	298493
52	214195
53	151981
54	118798
55	102796
56	94179
57	89075
58	86498
59	84113
60	81505
61	77864
62	76242
63	75453
64	75090
65	74881
66	73946
67	72482
68	71315
69	69505
70	68337
71	67563
72	67045
73	65874
74	65793
75	65012
76	63981
77	63693
78	62417
79	62076
80	60815
81	60099
82	60400
83	59845
84	60017
85	59890
86	60007
87	59906
88	59314
89	58246
90	56335
91	55274
92	53512
93	52844
94	52132
95	52076
96	51426
97	51733
98	51750
99	52017
100	51937
101	52556
102	52191
103	51218
104	50578
105	49453
106	48140
107	47315
108	46002
109	45938
110	45548
111	45369
112	45617
113	45403
114	45374
115	45532
116	45554
117	45549
118	45744
119	45368
120	44363
121	44037
122	42749
123	42151
124	41395
125	41166
126	40908
127	41042
128	40631
129	40236
130	39577
131	39324
132	39105
133	38915
134	38375
135	38282
136	37670
137	37083
138	37023
139	36967
140	36662
141	35996
142	36082
143	35441
144	35138
145	34353
146	33996
147	33778
148	33069
149	33147
150	32462
151	32416
152	31697
153	31288
154	30931
155	30626
156	30487
157	30037
158	30060
159	29757
160	29557
161	29363
162	29682
163	29762
164	29905
165	30298
166	31018
167	31920
168	32503
169	33458
170	34350
171	35331
172	35831
173	35335
174	35475
175	34883
176	34162
177	32860
178	31489
179	30612
180	29197
181	28475
182	27422
183	26749
184	26107
185	25622
186	25591
187	25104
188	24419
189	24274
190	23502
191	22670
192	22091
193	21306
194	20246
195	19611
196	18527
197	17975
198	17298
199	16772
200	16196
201	15540
202	15273
203	14942
204	14953
205	15296
206	15496
207	16176
208	17035
209	18686
210	20726
211	23555
212	26935
213	30408
214	34611
215	38325
216	41876
217	44099
218	44697
219	44298
220	41233
221	37746
222	33271
223	28693
224	24087
225	19710
226	16562
227	14273
228	12246
229	11202
230	10507
231	9944
232	9456
233	9441
234	9230
235	9188
236	9133
237	9038
238	9295
239	9138
240	9078
241	9105
242	9114
243	9260
244	9032
245	9246
246	9078
247	9227
248	9089
249	9197
250	9202
251	8910
252	8853
253	8891
254	8818
255	8601
256	8750
257	8483
258	8481
259	8393
260	8324
261	8264
262	8326
263	8253
264	8082
265	8110
266	8078
267	8065
268	7857
269	7970
270	7892
271	7894
272	7798
273	7825
274	7813
275	7688
276	7657
277	7787
278	7651
279	7764
280	7646
281	7478
282	7793
283	7506
284	7874
285	7731
286	7757
287	7871
288	7882
289	7822
290	7795
291	7900
292	7811
293	7969
294	7677
295	7811
296	7622
297	7639
298	7443
299	7401
300	7393
301	7117
302	7051
303	7134
304	6901
305	6887
306	6880
307	6848
308	6559
309	6735
310	6638
311	6574
312	6622
313	6615
314	6631
315	6575
316	6450
317	6609
318	6530
319	6632
320	6451
321	6502
322	6488
323	6496
324	6493
325	6453
326	6311
327	6507
328	6354
329	6453
330	6457
331	6348
332	6371
333	6439
334	6453
335	6412
336	6328
337	6231
338	6296
339	6294
340	6440
341	6244
342	6227
343	6257
344	6261
345	6144
346	6129
347	6148
348	6205
349	6006
350	6101
351	6023
352	6060
353	6012
354	5909
355	5794
356	5961
357	6024
358	5920
359	5807
360	5893
361	5610
362	5817
363	5729
364	5698
365	5695
366	5829
367	5798
368	5727
369	5656
370	5736
371	5801
372	5602
373	5581
374	5639
375	5669
376	5615
377	5844
378	5657
379	5558
380	5656
381	5721
382	5604
383	5603
384	5567
385	5353
386	5557
387	5414
388	5391
389	5310
390	5444
391	5349
392	5257
393	5121
394	5246
395	5199
396	5246
397	5038
398	5134
399	5128
400	5184
401	5038
402	5028
403	5011
404	4916
405	4926
406	4825
407	4917
408	4970
409	4876
410	4761
411	4866
412	4725
413	4926
414	4902
415	4638
416	4738
417	4799
418	4834
419	4581
420	4557
421	4727
422	4725
423	4736
424	4667
425	4696
426	4680
427	4754
428	4797
429	4751
430	4682
431	4599
432	4562
433	4539
434	4547
435	4410
436	4465
437	4462
438	4267
439	4358
440	4190
441	4223
442	4166
443	4107
444	4073
445	4131
446	4062
447	4092
448	4026
449	4051
450	4015
451	4214
452	4015
453	4115
454	3963
455	4039
456	3932
457	3981
458	3904
459	3959
460	3972
461	3993
462	3737
463	3854
464	3722
465	3780
466	3760
467	3811
468	3679
469	3679
470	3562
471	3729
472	3579
473	3628
474	3734
475	3637
476	3610
477	3619
478	3579
479	3568
480	3619
481	3693
482	3546
483	3592
484	3602
485	3472
486	3500
487	3512
488	3459
489	3505
490	3460
491	3531
492	3436
493	3474
494	3476
495	3562
496	3511
497	3446
498	3381
499	3514
500	3409
501	3250
502	3401
503	3286
504	3306
505	3340
506	3287
507	3209
508	3241
509	3261
510	3093
511	3257
512	3158
513	3164
514	3207
515	3080
516	3121
517	3046
518	3003
519	3076
520	3017
521	3099
522	3115
523	3077
524	3063
525	3075
526	3070
527	3107
528	3036
529	3015
530	3036
531	3095
532	3069
533	3000
534	3063
535	3078
536	3041
537	3004
538	2904
539	2958
540	3031
541	2954
542	2990
543	2940
544	2931
545	2869
546	2891
547	2844
548	2807
549	2818
550	2841
551	2722
552	2773
553	2707
554	2651
555	2568
556	2688
557	2624
558	2577
559	2536
560	2519
561	2589
562	2653
563	2620
564	2581
565	2498
566	2436
567	2531
568	2506
569	2497
570	2475
571	2460
572	2392
573	2340
574	2397
575	2334
576	2382
577	2339
578	2238
579	2354
580	2316
581	2380
582	2310
583	2322
584	2308
585	2176
586	2241
587	2290
588	2174
589	2102
590	2116
591	2010
592	2099
593	2089
594	2065
595	2071
596	2034
597	1968
598	1941
599	1947
600	1963
601	1982
602	1876
603	1863
604	1942
605	1863
606	1817
607	1958
608	1876
609	1862
610	1925
611	1864
612	1812
613	1884
614	1866
615	1917
616	1746
617	1807
618	1711
619	1732
620	1728
621	1674
622	1652
623	1622
624	1570
625	1597
626	1519
627	1539
628	1523
629	1426
630	1375
631	1321
632	1355
633	1347
634	1355
635	1286
636	1306
637	1238
638	1270
639	1244
640	1167
641	1217
642	1180
643	1159
644	1185
645	1168
646	1087
647	1132
648	1187
649	1142
650	1187
651	1165
652	1177
653	1164
654	1263
655	1156
656	1179
657	1115
658	1177
659	1157
660	1195
661	1137
662	1109
663	1061
664	1086
665	1046
666	994
667	936
668	907
669	939
670	872
671	869
672	806
673	798
674	781
675	772
676	734
677	764
678	756
679	743
680	734
681	728
682	757
683	696
684	712
685	746
686	707
687	754
688	763
689	736
690	732
691	749
692	750
693	752
694	726
695	691
696	646
697	653
698	618
699	588
700	626
701	544
702	572
703	523
704	490
705	505
706	472
707	479
708	477
709	433
710	461
711	435
712	420
713	428
714	435
715	391
716	390
717	386
718	386
719	372
720	368
721	371
722	373
723	342
724	364
725	370
726	357
727	386
728	346
729	385
730	390
731	389
732	393
733	409
734	424
735	405
736	369
737	406
738	405
739	387
740	407
741	379
742	379
743	353
744	340
745	315
746	290
747	284
748	291
749	283
750	247
751	226
752	245
753	220
754	218
755	223
756	218
757	199
758	199
759	222
760	179
761	174
762	184
763	158
764	137
765	171
766	169
767	178
768	170
769	156
770	169
771	150
772	135
773	131
774	131
775	130
776	145
777	119
778	141
779	126
780	132
781	120
782	124
783	145
784	115
785	118
786	130
787	122
788	126
789	106
790	136
791	103
792	107
793	127
794	137
795	118
796	126
797	123
798	135
799	132
800	138
801	121
802	123
803	121
804	126
805	107
806	109
807	137
808	127
809	120
810	126
811	103
812	122
813	96
814	107
815	105
816	75
817	81
818	84
819	77
820	76
821	81
822	80
823	68
824	63
825	69
826	46
827	48
828	57
829	40
830	45
831	56
832	36
833	55
834	44
835	41
836	60
837	44
838	56
839	41
840	49
841	39
842	49
843	42
844	52
845	52
846	45
847	60
848	37
849	47
850	40
851	46
852	52
853	47
854	46
855	48
856	47
857	33
858	26
859	32
860	35
861	29
862	33
863	36
864	27
865	26
866	24
867	20
868	14
869	7
870	16
871	11
872	15
873	5
874	16
875	13
876	9
877	4
878	14
879	10
880	5
881	8
882	5
883	9
884	11
885	9
886	5
887	5
888	4
889	9
890	6
891	11
892	8
893	5
894	4
895	4
896	7
897	13
898	5
899	6
900	6
901	6
902	5
903	3
904	6
905	6
906	2
907	16
908	5
909	5
910	2
911	7
912	2
913	6
914	5
915	5
916	3
917	7
918	3
919	4
920	3
921	1
922	2
923	6
924	4
925	2
926	5
927	3
928	5
929	2
930	3
931	1
932	5
933	1
934	2
935	6
936	4
937	4
938	3
939	6
940	6
941	3
942	2
943	4
944	4
945	3
946	5
947	2
948	4
949	5
950	2
951	2
952	0
953	4
954	7
955	0
956	3
957	3
958	0
959	5
960	4
961	7
962	0
963	2
964	4
965	2
966	3
967	1
968	2
969	4
970	1
971	3
972	2
973	4
974	4
975	3
976	2
977	1
978	3
979	2
980	2
981	4
982	2
983	3
984	2
985	6
986	0
987	2
988	1
989	0
990	4
991	5
992	2
993	4
994	4
995	2
996	3
997	2
998	5
999	2
1000	2
1001	2
1002	4
1003	0
1004	3
1005	2
1006	1
1007	3
1008	2
1009	2
1010	2
1011	2
1012	0
1013	1
1014	2
1015	4
1016	2
1017	2
1018	2
1019	0
1020	2
1021	0
1022	0
1023	0
1024	0
	
